0
1554
-1
-4064
0
12816
17950
8660
-1
6374
17950
15417
0
-13770
-17951
-13770
-1
15417
17950
7106
0
7106
17950
16879
-1
-16880
-17951
-5644
-1
-10216
-17951
-10216
-1
-5644
-17951
-16880
0
16879
17950
5643
-1
10215
17950
10215
0
5643
17950
15417
0
-13770
-17951
-12308
-1
12307
17950
12307
-1
-12308
-17951
-13770
0
15417
17950
7106
0
7106
17950
16879
-1
-16880
-17951
-7107
0
-7107
-17951
-15418
-1
13769
17950
13769
0
-15418
-17951
-7107
-1
-7107
-17951
-16880
0
16879
17950
5643
0
10215
17950
8753
0
8753
17950
8753
0
8753
17950
8753
-1
8753
17950
10215
0
5643
17950
15417
0
-13770
-17951
-12308
-1
12307
17950
12307
-1
-12308
-17951
-13770
0
15417
17950
5643
0
10215
17950
8753
0
8753
17950
10215
-1
5643
17950
15417
0
-13770
-17951
-13770
-1
15417
17950
7106
0
7106
17950
16879
-1
-16880
-17951
-5644
-1
-10216
-17951
-10216
-1
-5644
-17951
-16880
0
16879
17950
5643
-1
10215
17950
10215
0
5643
17950
15417
0
-13770
-17951
-12308
-1
12307
17950
12307
-1
-12308
-17951
-13770
0
15417
17950
5643
0
10215
17950
8753
0
8753
17950
10215
-1
5643
17950
15417
0
-13770
-17951
-13770
-1
15417
17950
7106
0
7106
17950
16879
-1
-16880
-17951
-5644
-1
-10216
-17951
-8754
-1
-8754
-17951
-8754
-1
-8754
-17951
-8754
0
-8754
-17951
-10216
-1
-5644
-17951
-15418
-1
13769
17950
12307
0
-12308
-17951
-12308
0
12307
17950
13769
-1
-15418
-17951
-7107
-1
-7107
-17951
-16880
0
16879
17950
7106
-1
7106
17950
15417
0
-13770
-17951
-13770
-1
15417
17950
7106
0
7106
17950
16879
-1
-16880
-17951
-5644
-1
-10216
-17951
-10216
-1
-5644
-17951
-16880
0
16879
17950
5643
-1
10215
17950
10215
0
5643
17950
15417
0
-13770
-17951
-12308
-1
12307
17950
12307
-1
-12308
-17951
-13770
0
15417
17950
7106
0
7106
17950
16879
-1
-16880
-17951
-7107
0
-7107
-17951
-15418
-1
13769
17950
13769
0
-15418
-17951
-7107
-1
-7107
-17951
-16880
0
16879
17950
5643
0
10215
17950
8753
0
8753
17950
8753
0
8753
17950
8753
-1
8753
17950
10215
0
5643
17950
15417
0
-13770
-17951
-12308
-1
12307
17950
12307
-1
-12308
-17951
-13770
0
15417
17950
5643
0
10215
17950
8753
0
8753
17950
10215
-1
5643
17950
15417
0
-13770
-17951
-13770
-1
15417
17950
7106
0
7106
17950
16879
-1
-16880
-17951
-5644
-1
-10216
-17951
-10216
-1
-5644
-17951
-16880
0
16879
17950
5643
-1
10215
17950
10215
0
5643
17950
15417
0
-13770
-17951
-12308
-1
12307
17950
12307
-1
-12308
-17951
-13770
0
15417
17950
5643
0
10215
17950
8753
0
8753
17950
10215
-1
5643
17950
15417
0
-13770
-17951
-13770
-1
15417
17950
7106
0
7106
17950
16879
-1
-16880
-17951
-5644
-1
-10216
-17951
-8754
-1
-8754
-17951
-8754
-1
-8754
-17951
-8754
0
-8754
-17951
-10216
-1
-5644
-17951
-15418
-1
13769
17950
12307
0
-12308
-17951
-12308
0
12307
17950
13769
-1
-15418
-17951
-7107
-1
-7107
-17951
-16880
0
16879
17950
7106
-1
7106
17950
15417
0
-13770
-17951
-13770
-1
15417
17950
7106
0
7106
17950
16879
-1
-16880
-17951
-5644
-1
-10216
-17951
-10216
-1
-5644
-17951
-16880
0
16879
17950
5643
-1
10215
17950
10215
0
5643
17950
15417
0
-13770
-17951
-12308
-1
12307
17950
12307
-1
-12308
-17951
-13770
0
15417
17950
7106
0
7106
17950
16879
-1
-16880
-17951
-7107
0
-7107
-17951
-15418
-1
13769
17950
13769
0
-15418
-17951
-7107
-1
-7107
-17951
-16880
0
16879
17950
5643
0
10215
17950
8753
0
8753
17950
8753
0
8753
17950
8753
-1
8753
17950
10215
0
5643
17950
15417
0
-13770
-17951
-12308
-1
12307
17950
12307
-1
-12308
-17951
-13770
0
15417
17950
5643
0
10215
17950
8753
0
8753
17950
10215
-1
5643
17950
15417
0
-13770
-17951
-13770
-1
15417
17950
7106
0
7106
17950
16879
-1
-16880
-17951
-5644
-1
-10216
-17951
-10216
-1
-5644
-17951
-16880
0
16879
17950
5643
-1
10215
17950
10215
0
5643
17950
15417
0
-13770
-17951
-12308
-1
12307
17950
12307
-1
-12308
-17951
-13770
0
15417
17950
5643
0
10215
17950
8753
0
8753
17950
10215
-1
5643
17950
15417
0
-13770
-17951
-13770
-1
15417
17950
7106
0
7106
17950
16879
-1
-16880
-17951
-5644
-1
-10216
-17951
-8754
-1
-8754
-17951
-8754
-1
-8754
-17951
-8754
0
-8754
-17951
-10216
-1
-5644
-17951
-15418
-1
13769
17950
12307
0
-12308
-17951
-12308
0
12307
17950
13769
-1
-15418
-17951
-7107
-1
-7107
-17951
-16880
0
16879
17950
7106
-1
7106
17950
15417
0
-13770
-17951
-13770
-1
15417
17950
7106
0
7106
17950
16879
-1
-16880
-17951
-5644
-1
-10216
-17951
-10216
-1
-5644
-17951
-16880
0
16879
17950
5643
-1
10215
17950
10215
0
5643
17950
15417
0
-13770
-17951
-12308
-1
12307
17950
12307
-1
-12308
-17951
-13770
0
15417
17950
7106
0
7106
17950
16879
-1
-16880
-17951
-7107
0
-7107
-17951
-15418
-1
13769
17950
13769
0
-15418
-17951
-7107
-1
-7107
-17951
-16880
0
16879
17950
5643
0
10215
17950
8753
0
8753
17950
8753
0
8753
17950
8753
-1
8753
17950
10215
0
5643
17950
15417
0
-13770
-17951
-12308
-1
12307
17950
12307
-1
-12308
-17951
-13770
0
15417
17950
5643
0
10215
17950
8753
0
8753
17950
10215
-1
5643
17950
15417
0
-13770
-17951
-13770
-1
15417
17950
7106
0
7106
17950
16879
-1
-16880
-17951
-5644
-1
-10216
-17951
-10216
-1
-5644
-17951
-16880
0
16879
17950
5643
-1
10215
17950
10215
0
5643
17950
15417
0
-13770
-17951
-12308
-1
12307
17950
12307
-1
-12308
-17951
-13770
0
15417
17950
5643
0
10215
17950
8753
0
8753
17950
10215
-1
5643
17950
15417
0
-13770
-17951
-13770
-1
15417
17950
7106
0
7106
17950
16879
-1
-16880
-17951
-5644
-1
-10216
-17951
-8754
-1
-8754
-17951
-8754
-1
-8754
-17951
-8754
0
-8754
-17951
-10216
-1
-5644
-17951
-15418
-1
13769
17950
12307
0
-12308
-17951
-12308
0
12307
17950
13769
-1
-15418
-17951
-7107
-1
-7107
-17951
-16880
0
16879
17950
7106
-1
7106
17950
15417
0
-13770
-17951
-13770
-1
15417
17950
7106
0
7106
17950
16879
-1
-16880
-17951
-5644
-1
-10216
-17951
-10216
-1
-5644
-17951
-16880
0
16879
17950
5643
-1
10215
17950
10215
0
5643
17950
15417
0
-13770
-17951
-12308
-1
12307
17950
12307
-1
-12308
-17951
-13770
0
15417
17950
7106
0
7106
17950
16879
-1
-16880
-17951
-7107
0
-7107
-17951
-15418
-1
13769
17950
13769
0
-15418
-17951
-7107
-1
-7107
-17951
-16880
0
16879
17950
5643
0
10215
17950
8753
0
8753
17950
8753
0
8753
17950
8753
-1
8753
17950
10215
0
5643
17950
15417
0
-13770
-17951
-12308
-1
12307
17950
12307
-1
-12308
-17951
-13770
0
15417
17950
5643
0
10215
17950
8753
0
8753
17950
10215
-1
5643
17950
15417
0
-13770
-17951
-13770
-1
15417
17950
7106
0
7106
17950
16879
-1
-16880
-17951
-5644
-1
-10216
-17951
-10216
-1
-5644
-17951
-16880
0
16879
17950
5643
-1
10215
17950
10215
0
5643
17950
15417
0
-13770
-17951
-12308
-1
12307
17950
12307
-1
-12308
-17951
-13770
0
15417
17950
5643
0
10215
17950
8753
0
8753
17950
10215
-1
5643
17950
15417
0
-13770
-17951
-13770
-1
15417
17950
7106
0
7106
17950
16879
-1
-16880
-17951
-5644
-1
-10216
-17951
-8754
-1
-8754
-17951
-8754
-1
-8754
-17951
-8754
0
-8754
-17951
-10216
-1
-5644
-17951
-15418
-1
13769
17950
12307
0
-12308
-17951
-12308
0
12307
17950
13769
-1
-15418
-17951
-7107
-1
-7107
-17951
-16880
0
16879
17950
7106
-1
7106
17950
15417
0
-13770
-17951
-13770
-1
15417
17950
7106
0
7106
17950
16879
-1
-16880
-17951
-5644
-1
-10216
-17951
-10216
-1
-5644
-17951
-16880
0
16879
17950
5643
-1
10215
17950
10215
0
5643
17950
15417
0
-13770
-17951
-12308
-1
12307
17950
12307
-1
-12308
-17951
-13770
0
15417
17950
7106
0
7106
17950
16879
-1
-16880
-17951
-7107
0
-7107
-17951
-15418
-1
13769
17950
13769
0
-15418
-17951
-7107
-1
-7107
-17951
-16880
0
16879
17950
5643
0
10215
17950
8753
0
8753
17950
8753
0
8753
17950
8753
-1
8753
17950
10215
0
5643
17950
15417
0
-13770
-17951
-12308
-1
12307
17950
12307
-1
-12308
-17951
-13770
0
15417
17950
5643
0
10215
17950
8753
0
8753
17950
10215
-1
5643
17950
15417
0
-13770
-17951
-13770
-1
15417
17950
7106
0
7106
17950
16879
-1
-16880
-17951
-5644
-1
-10216
-17951
-10216
-1
-5644
-17951
-16880
0
16879
17950
5643
-1
10215
17950
10215
0
5643
17950
15417
0
-13770
-17951
-12308
-1
12307
17950
12307
-1
-12308
-17951
-13770
0
15417
17950
5643
0
10215
17950
8753
0
8753
17950
10215
-1
5643
17950
15417
0
-13770
-17951
-13770
-1
15417
17950
7106
0
7106
17950
16879
-1
-16880
-17951
-5644
-1
-10216
-17951
-8754
-1
-8754
-17951
-8754
-1
-8754
-17951
-8754
0
-8754
-17951
-10216
-1
-5644
-17951
-15418
-1
13769
17950
12307
0
-12308
-17951
-12308
0
12307
17950
13769
-1
-15418
-17951
-7107
-1
-7107
-17951
-16880
0
16879
17950
7106
-1
7106
17950
15417
0
-13770
-17951
-13770
-1
15417
17950
7106
0
7106
17950
16879
-1
-16880
-17951
-5644
-1
-10216
-17951
-10216
-1
-5644
-17951
-16880
0
16879
17950
5643
-1
10215
17950
10215
0
5643
17950
15417
0
-13770
-17951
-12308
-1
12307
17950
12307
-1
-12308
-17951
-13770
0
15417
17950
7106
0
7106
17950
16879
-1
-16880
-17951
-7107
0
-7107
-17951
-15418
-1
13769
17950
13769
0
-15418
-17951
-7107
-1
-7107
-17951
-16880
0
16879
17950
5643
0
10215
17950
8753
0
8753
17950
8753
0
8753
17950
8753
-1
8753
17950
10215
0
5643
17950
15417
0
-13770
-17951
-12308
-1
12307
17950
12307
-1
-12308
-17951
-13770
0
15417
17950
5643
0
10215
17950
8753
0
8753
17950
10215
-1
5643
17950
15417
0
-13770
-17951
-13770
-1
15417
17950
7106
0
7106
17950
16879
-1
-16880
-17951
-5644
-1
-10216
-17951
-10216
-1
-5644
-17951
-16880
0
16879
17950
5643
-1
10215
17950
10215
0
5643
17950
15417
0
-13770
-17951
-12308
-1
12307
17950
12307
-1
-12308
-17951
-13770
0
15417
17950
5643
0
10215
17950
8753
0
8753
17950
10215
-1
5643
17950
15417
0
-13770
-17951
-13770
-1
15417
17950
7106
0
7106
17950
16879
-1
-16880
-17951
-5644
-1
-10216
-17951
-8754
-1
-8754
-17951
-8754
-1
-8754
-17951
-8754
0
-8754
-17951
-10216
-1
-5644
-17951
-15418
-1
13769
17950
12307
0
-12308
-17951
-12308
0
12307
17950
13769
-1
-15418
-17951
-7107
-1
-7107
-17951
-16880
0
16879
17950
7106
-1
7106
17950
15417
0
-13770
-17951
-13770
-1
15417
17950
7106
0
7106
17950
16879
-1
-16880
-17951
-5644
-1
-10216
-17951
-10216
-1
-5644
-17951
-16880
0
16879
17950
5643
-1
10215
17950
10215
0
5643
17950
15417
0
-13770
-17951
-12308
-1
12307
17950
12307
-1
-12308
-17951
-13770
0
15417
17950
7106
0
7106
17950
16879
-1
-16880
-17951
-7107
0
-7107
-17951
-15418
-1
13769
17950
13769
0
-15418
-17951
-7107
-1
-7107
-17951
-16880
0
16879
17950
5643
0
10215
17950
8753
0
8753
17950
8753
0
8753
17950
8753
-1
8753
17950
10215
0
5643
17950
15417
0
-13770
-17951
-12308
-1
12307
17950
12307
-1
-12308
-17951
-13770
0
15417
17950
5643
0
10215
17950
8753
0
8753
17950
10215
-1
5643
17950
15417
0
-13770
-17951
-13770
-1
15417
17950
7106
0
7106
17950
16879
-1
-16880
-17951
-5644
-1
-10216
-17951
-10216
-1
-5644
-17951
-16880
0
16879
17950
5643
-1
10215
17950
10215
0
5643
17950
15417
0
-13770
-17951
-12308
-1
12307
17950
12307
-1
-12308
-17951
-13770
0
15417
17950
5643
0
10215
17950
8753
0
8753
17950
10215
-1
5643
17950
15417
0
-13770
-17951
-13770
-1
15417
17950
7106
0
7106
17950
16879
-1
-16880
-17951
-5644
-1
-10216
-17951
-8754
-1
-8754
-17951
-8754
-1
-8754
-17951
-8754
0
-8754
-17951
-10216
-1
-5644
-17951
-15418
-1
13769
17950
12307
0
-12308
-17951
-12308
0
12307
17950
13769
-1
-15418
-17951
-7107
-1
-7107
-17951
-16880
0
16879
17950
7106
-1
7106
17950
15417
0
-13770
-17951
-13770
-1
15417
17950
7106
0
7106
17950
16879
-1
-16880
-17951
-5644
-1
-10216
-17951
-10216
-1
-5644
-17951
-16880
0
16879
17950
5643
-1
10215
17950
10215
0
5643
17950
15417
0
-13770
-17951
-12308
-1
12307
17950
12307
-1
-12308
-17951
-13770
0
15417
17950
7106
0
7106
17950
16879
-1
-16880
-17951
-7107
0
-7107
-17951
-15418
-1
13769
17950
13769
0
-15418
-17951
-7107
-1
-7107
-17951
-16880
0
16879
17950
5643
0
10215
17950
8753
0
8753
17950
8753
0
8753
17950
8753
-1
8753
17950
10215
0
5643
17950
15417
0
-13770
-17951
-12308
-1
12307
17950
12307
-1
-12308
-17951
-13770
0
15417
17950
5643
0
10215
17950
8753
0
8753
17950
10215
-1
5643
17950
15417
0
-13770
-17951
-13770
-1
15417
17950
7106
0
7106
17950
16879
-1
-16880
-17951
-5644
-1
-10216
-17951
-10216
-1
-5644
-17951
-16880
0
16879
17950
5643
-1
10215
17950
10215
0
5643
17950
15417
0
-13770
-17951
-12308
-1
12307
17950
12307
-1
-12308
-17951
-13770
0
15417
17950
5643
0
10215
17950
8753
0
8753
17950
10215
-1
5643
17950
15417
0
-13770
-17951
-13770
-1
15417
17950
7106
0
7106
17950
16879
-1
-16880
-17951
-5644
-1
-10216
-17951
-8754
-1
-8754
-17951
-8754
-1
-8754
-17951
-8754
0
-8754
-17951
-10216
-1
-5644
-17951
-15418
-1
13769
17950
12307
0
-12308
-17951
-12308
0
12307
17950
13769
-1
-15418
-17951
-7107
-1
-7107
-17951
-16880
0
16879
17950
7106
-1
7106
17950
15417
0
-13770
-17951
-13770
-1
15417
17950
7106
0
7106
17950
16879
-1
-16880
-17951
-5644
-1
-10216
-17951
-10216
-1
-5644
-17951
-16880
0
16879
17950
5643
-1
10215
17950
10215
0
5643
17950
15417
0
-13770
-17951
-12308
-1
12307
17950
12307
-1
-12308
-17951
-13770
0
15417
17950
7106
0
7106
17950
16879
-1
-16880
-17951
-7107
0
-7107
-17951
-15418
-1
13769
17950
13769
0
-15418
-17951
-7107
-1
-7107
-17951
-16880
0
16879
17950
5643
0
10215
17950
8753
0
8753
17950
8753
0
8753
17950
8753
-1
8753
17950
10215
0
5643
17950
15417
0
-13770
-17951
-12308
-1
12307
17950
12307
-1
-12308
-17951
-13770
0
15417
17950
5643
0
10215
17950
8753
0
8753
17950
10215
-1
5643
17950
15417
0
-13770
-17951
-13770
-1
15417
17950
7106
0
7106
17950
16879
-1
-16880
-17951
-5644
-1
-10216
-17951
-10216
-1
-5644
-17951
-16880
0
16879
17950
5643
-1
10215
17950
10215
0
5643
17950
15417
0
-13770
-17951
-12308
-1
12307
17950
12307
-1
-12308
-17951
-13770
0
15417
17950
5643
0
10215
17950
8753
0
8753
17950
10215
-1
5643
17950
15417
0
-13770
-17951
-13770
-1
15417
17950
7106
0
7106
17950
16879
-1
-16880
-17951
-5644
-1
-10216
-17951
-8754
-1
-8754
-17951
-8754
-1
-8754
-17951
-8754
0
-8754
-17951
-10216
-1
-5644
-17951
-15418
-1
13769
17950
12307
0
-12308
-17951
-12308
0
12307
17950
13769
-1
-15418
-17951
-7107
-1
-7107
-17951
-16880
0
16879
17950
7106
-1
7106
17950
15417
0
-13770
-17951
-13770
-1
15417
17950
7106
0
7106
17950
16879
-1
-16880
-17951
-5644
-1
-10216
-17951
-10216
-1
-5644
-17951
-16880
0
16879
17950
5643
-1
10215
17950
10215
0
5643
17950
15417
0
-13770
-17951
-12308
-1
12307
17950
12307
-1
-12308
-17951
-13770
0
15417
17950
7106
0
7106
17950
16879
-1
-16880
-17951
-7107
0
-7107
-17951
-15418
-1
13769
17950
13769
0
-15418
-17951
-7107
-1
-7107
-17951
-16880
0
16879
17950
5643
0
10215
17950
8753
0
8753
17950
8753
0
8753
17950
8753
-1
8753
17950
10215
0
5643
17950
15417
0
-13770
-17951
-12308
-1
12307
17950
12307
-1
-12308
-17951
-13770
0
15417
17950
5643
0
10215
17950
8753
0
8753
17950
10215
-1
5643
17950
15417
0
-13770
-17951
-13770
-1
15417
17950
7106
0
7106
17950
16879
-1
-16880
-17951
-5644
-1
-10216
-17951
-10216
-1
-5644
-17951
-16880
0
16879
17950
5643
-1
10215
17950
10215
0
5643
17950
15417
0
-13770
-17951
-12308
-1
12307
17950
12307
-1
-12308
-17951
-13770
0
15417
17950
5643
0
10215
17950
8753
0
8753
17950
10215
-1
5643
17950
15417
0
-13770
-17951
-13770
-1
15417
17950
7106
0
7106
17950
16879
-1
-16880
-17951
-5644
-1
-10216
-17951
-8754
-1
-8754
-17951
-8754
-1
-8754
-17951
-8754
0
-8754
-17951
-10216
-1
-5644
-17951
-15418
-1
13769
17950
12307
0
-12308
-17951
-12308
0
12307
17950
13769
-1
-15418
-17951
-7107
-1
-7107
-17951
-16880
0
16879
17950
7106
-1
7106
17950
15417
0
-13770
-17951
-13770
-1
15417
17950
7106
0
7106
17950
16879
-1
-16880
-17951
-5644
-1
-10216
-17951
-10216
-1
-5644
-17951
-16880
0
16879
17950
5643
-1
10215
17950
10215
0
5643
17950
15417
0
-13770
-17951
-12308
-1
12307
17950
12307
-1
-12308
-17951
-13770
0
15417
17950
7106
0
7106
17950
16879
-1
-16880
-17951
-7107
0
-7107
-17951
-15418
-1
13769
17950
13769
0
-15418
-17951
-7107
-1
-7107
-17951
-16880
0
16879
17950
5643
0
10215
17950
8753
0
8753
17950
8753
0
8753
17950
8753
-1
8753
17950
10215
0
5643
17950
15417
0
-13770
-17951
-12308
-1
12307
17950
12307
-1
-12308
-17951
-13770
0
15417
17950
5643
0
10215
17950
8753
0
8753
17950
10215
-1
5643
17950
15417
0
-13770
-17951
-13770
-1
15417
17950
7106
0
7106
17950
16879
-1
-16880
-17951
-5644
-1
-10216
-17951
-10216
-1
-5644
-17951
-16880
0
16879
17950
5643
-1
10215
17950
10215
0
5643
17950
15417
0
-13770
-17951
-12308
-1
12307
17950
12307
-1
-12308
-17951
-13770
0
15417
17950
5643
0
10215
17950
8753
0
8753
17950
10215
-1
5643
17950
15417
0
-13770
-17951
-13770
-1
15417
17950
7106
0
7106
17950
16879
-1
-16880
-17951
-5644
-1
-10216
-17951
-8754
-1
-8754
-17951
-8754
-1
-8754
-17951
-8754
0
-8754
-17951
-10216
-1
-5644
-17951
-15418
-1
13769
17950
12307
0
-12308
-17951
-12308
0
12307
17950
13769
-1
-15418
-17951
-7107
-1
-7107
-17951
-16880
0
16879
17950
7106
-1
7106
17950
15417
0
-13770
-17951
-13770
-1
15417
17950
7106
0
7106
17950
16879
-1
-16880
-17951
-5644
-1
-10216
-17951
-10216
-1
-5644
-17951
-16880
0
16879
17950
5643
-1
10215
17950
10215
0
5643
17950
15417
0
-13770
-17951
-12308
-1
12307
17950
12307
-1
-12308
-17951
-13770
0
15417
17950
7106
0
7106
17950
16879
-1
-16880
-17951
-7107
0
-7107
-17951
-15418
-1
13769
17950
13769
0
-15418
-17951
-7107
-1
-7107
-17951
-16880
0
16879
17950
5643
0
10215
17950
8753
0
8753
17950
8753
0
8753
17950
8753
-1
8753
17950
10215
0
5643
17950
15417
0
-13770
-17951
-12308
-1
12307
17950
12307
-1
-12308
-17951
-13770
0
15417
17950
5643
0
10215
17950
8753
0
8753
17950
10215
-1
5643
17950
15417
0
-13770
-17951
-13770
-1
15417
17950
7106
0
7106
17950
16879
-1
-16880
-17951
-5644
-1
-10216
-17951
-10216
-1
-5644
-17951
-16880
0
16879
17950
5643
-1
10215
17950
10215
0
5643
17950
15417
0
-13770
-17951
-12308
-1
12307
17950
12307
-1
-12308
-17951
-13770
0
15417
17950
5643
0
10215
17950
8753
0
8753
17950
10215
-1
5643
17950
15417
0
-13770
-17951
-13770
-1
15417
17950
7106
0
7106
17950
16879
-1
-16880
-17951
-5644
-1
-10216
-17951
-8754
-1
-8754
-17951
-8754
-1
-8754
-17951
-8754
0
-8754
-17951
-10216
-1
-5644
-17951
-15418
-1
13769
17950
12307
0
-12308
-17951
-12308
0
12307
17950
13769
-1
-15418
-17951
-7107
-1
-7107
-17951
-16880
0
16879
17950
7106
-1
7106
17950
15417
0
-13770
-17951
-13770
-1
15417
17950
7106
0
7106
17950
16879
-1
-16880
-17951
-5644
-1
-10216
-17951
-10216
-1
-5644
-17951
-16880
0
16879
17950
5643
-1
10215
17950
10215
0
5643
17950
15417
0
-13770
-17951
-12308
-1
12307
17950
12307
-1
-12308
-17951
-13770
0
15417
17950
7106
0
7106
17950
16879
-1
-16880
-17951
-7107
0
-7107
-17951
-15418
-1
13769
17950
13769
0
-15418
-17951
-7107
-1
-7107
-17951
-16880
0
16879
17950
5643
0
10215
17950
8753
0
8753
17950
8753
0
8753
17950
8753
-1
8753
17950
10215
0
5643
17950
15417
0
-13770
-17951
-12308
-1
12307
17950
12307
-1
-12308
-17951
-13770
0
15417
17950
5643
0
10215
17950
8753
0
8753
17950
10215
-1
5643
17950
15417
0
-13770
-17951
-13770
-1
15417
17950
7106
0
7106
17950
16879
-1
-16880
-17951
-5644
-1
-10216
-17951
-10216
-1
-5644
-17951
-16880
0
16879
17950
5643
-1
10215
17950
10215
0
5643
17950
15417
0
-13770
-17951
-12308
-1
12307
17950
12307
-1
-12308
-17951
-13770
0
15417
17950
5643
0
10215
17950
8753
0
8753
17950
10215
-1
5643
17950
15417
0
-13770
-17951
-13770
-1
15417
17950
7106
0
7106
17950
16879
-1
-16880
-17951
-5644
-1
-10216
-17951
-8754
-1
-8754
-17951
-8754
-1
-8754
-17951
-8754
0
-8754
-17951
-10216
-1
-5644
-17951
-15418
-1
13769
17950
12307
0
-12308
-17951
-12308
0
12307
17950
13769
-1
-15418
-17951
-7107
-1
-7107
-17951
-16880
0
16879
17950
7106
-1
7106
17950
15417
0
-13770
-17951
-13770
-1
15417
17950
7106
0
7106
17950
16879
-1
-16880
-17951
-5644
-1
-10216
-17951
-10216
-1
-5644
-17951
-16880
0
16879
17950
5643
-1
10215
17950
10215
0
5643
17950
15417
0
-13770
-17951
-12308
-1
12307
17950
12307
-1
-12308
-17951
-13770
0
15417
17950
7106
0
7106
17950
16879
-1
-16880
-17951
-7107
0
-7107
-17951
-15418
-1
13769
17950
13769
0
-15418
-17951
-7107
-1
-7107
-17951
-16880
0
16879
17950
5643
0
10215
17950
8753
0
8753
17950
8753
0
8753
17950
8753
-1
8753
17950
10215
0
5643
17950
15417
0
-13770
-17951
-12308
-1
12307
17950
12307
-1
-12308
-17951
-13770
0
15417
17950
5643
0
10215
17950
8753
0
8753
17950
10215
-1
5643
17950
15417
0
-13770
-17951
-13770
-1
15417
17950
7106
0
7106
17950
16879
-1
-16880
-17951
-5644
-1
-10216
-17951
-10216
-1
-5644
-17951
-16880
0
16879
17950
5643
-1
10215
17950
10215
0
5643
17950
15417
0
-13770
-17951
-12308
-1
12307
17950
12307
-1
-12308
-17951
-13770
0
15417
17950
5643
0
10215
17950
8753
0
8753
17950
10215
-1
5643
17950
15417
0
-13770
-17951
-13770
-1
15417
17950
7106
0
7106
17950
16879
-1
-16880
-17951
-5644
-1
-10216
-17951
-8754
-1
-8754
-17951
-8754
-1
-8754
-17951
-8754
0
-8754
-17951
-10216
-1
-5644
-17951
-15418
-1
13769
17950
12307
0
-12308
-17951
-12308
0
12307
17950
13769
-1
-15418
-17951
-7107
-1
-7107
-17951
-16880
0
16879
17950
7106
-1
7106
17950
15417
0
-13770
-17951
-13770
-1
15417
17950
7106
0
7106
17950
16879
-1
-16880
-17951
-5644
-1
-10216
-17951
-10216
-1
-5644
-17951
-16880
0
16879
17950
5643
-1
10215
17950
10215
0
5643
17950
15417
0
-13770
-17951
-12308
-1
12307
17950
12307
-1
-12308
-17951
-13770
0
15417
17950
7106
0
7106
17950
16879
-1
-16880
-17951
-7107
0
-7107
-17951
-15418
-1
13769
17950
13769
0
-15418
-17951
-7107
-1
-7107
-17951
-16880
0
16879
17950
5643
0
10215
17950
8753
0
8753
17950
8753
0
8753
17950
8753
-1
8753
17950
10215
0
5643
17950
15417
0
-13770
-17951
-12308
-1
12307
17950
12307
-1
-12308
-17951
-13770
0
15417
17950
5643
0
10215
17950
8753
0
8753
17950
10215
-1
5643
17950
15417
0
-13770
-17951
-13770
-1
15417
17950
7106
0
7106
17950
16879
-1
-16880
-17951
-5644
-1
-10216
-17951
-10216
-1
-5644
-17951
-16880
0
16879
17950
5643
-1
10215
17950
10215
0
5643
17950
15417
0
-13770
-17951
-12308
-1
12307
17950
12307
-1
-12308
-17951
-13770
0
15417
17950
5643
0
10215
17950
8753
0
8753
17950
10215
-1
5643
17950
15417
0
-13770
-17951
-13770
-1
15417
17950
7106
0
7106
17950
16879
-1
-16880
-17951
-5644
-1
-10216
-17951
-8754
-1
-8754
-17951
-8754
-1
-8754
-17951
-8754
0
-8754
-17951
-10216
-1
-5644
-17951
-15418
-1
13769
17950
12307
0
-12308
-17951
-12308
0
12307
17950
13769
-1
-15418
-17951
-5644
-1
-10216
-17951
-8754
-1
-8754
-17951
-10216
0
-5644
-17951
-15418
-1
13769
17950
13769
0
-15418
-17951
-7107
-1
-7107
-17951
-16880
0
16879
17950
5643
0
10215
17950
10215
0
5643
17950
16879
-1
-16880
-17951
-5644
0
-10216
-17951
-10216
-1
-5644
-17951
-15418
-1
13769
17950
12307
0
-12308
-17951
-12308
0
12307
17950
13769
-1
-15418
-17951
-7107
-1
-7107
-17951
-16880
0
16879
17950
7106
-1
7106
17950
15417
0
-13770
-17951
-13770
-1
15417
17950
7106
0
7106
17950
16879
-1
-16880
-17951
-5644
-1
-10216
-17951
-8754
-1
-8754
-17951
-8754
-1
-8754
-17951
-8754
0
-8754
-17951
-10216
-1
-5644
-17951
-15418
-1
13769
17950
12307
0
-12308
-17951
-12308
0
12307
17950
13769
-1
-15418
-17951
-5644
-1
-10216
-17951
-8754
-1
-8754
-17951
-10216
0
-5644
-17951
-15418
-1
13769
17950
13769
0
-15418
-17951
-7107
-1
-7107
-17951
-16880
0
16879
17950
5643
0
10215
17950
10215
0
5643
17950
16879
-1
-16880
-17951
-5644
0
-10216
-17951
-10216
-1
-5644
-17951
-15418
-1
13769
17950
12307
0
-12308
-17951
-12308
0
12307
17950
13769
-1
-15418
-17951
-5644
-1
-10216
-17951
-8754
-1
-8754
-17951
-10216
0
-5644
-17951
-15418
-1
13769
17950
13769
0
-15418
-17951
-7107
-1
-7107
-17951
-16880
0
16879
17950
5643
0
10215
17950
8753
0
8753
17950
8753
0
8753
17950
8753
-1
8753
17950
10215
0
5643
17950
15417
0
-13770
-17951
-12308
-1
12307
17950
12307
-1
-12308
-17951
-13770
0
15417
17950
5643
0
10215
17950
8753
0
8753
17950
10215
-1
5643
17950
15417
0
-13770
-17951
-13770
-1
15417
17950
7106
0
7106
17950
16879
-1
-16880
-17951
-5644
-1
-10216
-17951
-10216
-1
-5644
-17951
-16880
0
16879
17950
5643
-1
10215
17950
10215
0
5643
17950
15417
0
-13770
-17951
-12308
-1
12307
17950
12307
-1
-12308
-17951
-13770
0
15417
17950
7106
0
7106
17950
16879
-1
-16880
-17951
-7107
0
-7107
-17951
-15418
-1
13769
17950
13769
0
-15418
-17951
-7107
-1
-7107
-17951
-16880
0
16879
17950
5643
0
10215
17950
8753
0
8753
17950
8753
0
8753
17950
8753
-1
8753
17950
10215
0
5643
17950
15417
0
-13770
-17951
-12308
-1
12307
17950
12307
-1
-12308
-17951
-13770
0
15417
17950
7106
0
7106
17950
16879
-1
-16880
-17951
-7107
0
-7107
-17951
-15418
-1
13769
17950
13769
0
-15418
-17951
-7107
-1
-7107
-17951
-16880
0
16879
17950
5643
0
10215
17950
10215
0
5643
17950
16879
-1
-16880
-17951
-5644
0
-10216
-17951
-10216
-1
-5644
-17951
-15418
-1
13769
17950
12307
0
-12308
-17951
-12308
0
12307
17950
13769
-1
-15418
-17951
-5644
-1
-10216
-17951
-8754
-1
-8754
-17951
-10216
0
-5644
-17951
-15418
-1
13769
17950
13769
0
-15418
-17951
-7107
-1
-7107
-17951
-16880
0
16879
17950
5643
0
10215
17950
8753
0
8753
17950
8753
0
8753
17950
8753
-1
8753
17950
10215
0
5643
17950
15417
0
-13770
-17951
-12308
-1
12307
17950
12307
-1
-12308
-17951
-13770
0
15417
17950
7106
0
7106
17950
16879
-1
-16880
-17951
-7107
0
-7107
-17951
-15418
-1
13769
17950
13769
0
-15418
-17951
-7107
-1
-7107
-17951
-16880
0
16879
17950
5643
0
10215
17950
10215
0
5643
17950
16879
-1
-16880
-17951
-5644
0
-10216
-17951
-10216
-1
-5644
-17951
-15418
-1
13769
17950
12307
0
-12308
-17951
-12308
0
12307
17950
13769
-1
-15418
-17951
-7107
-1
-7107
-17951
-16880
0
16879
17950
7106
-1
7106
17950
15417
0
-13770
-17951
-13770
-1
15417
17950
7106
0
7106
17950
16879
-1
-16880
-17951
-5644
-1
-10216
-17951
-8754
-1
-8754
-17951
-8754
-1
-8754
-17951
-8754
0
-8754
-17951
-10216
-1
-5644
-17951
-15418
-1
13769
17950
12307
0
-12308
-17951
-12308
0
12307
17950
13769
-1
-15418
-17951
-5644
-1
-10216
-17951
-8754
-1
-8754
-17951
-10216
0
-5644
-17951
-15418
-1
13769
17950
13769
0
-15418
-17951
-7107
-1
-7107
-17951
-16880
0
16879
17950
5643
0
10215
17950
10215
0
5643
17950
16879
-1
-16880
-17951
-5644
0
-10216
-17951
-10216
-1
-5644
-17951
-15418
-1
13769
17950
12307
0
-12308
-17951
-12308
0
12307
17950
13769
-1
-15418
-17951
-5644
-1
-10216
-17951
-8754
-1
-8754
-17951
-10216
0
-5644
-17951
-15418
-1
13769
17950
13769
0
-15418
-17951
-7107
-1
-7107
-17951
-16880
0
16879
17950
5643
0
10215
17950
8753
0
8753
17950
8753
0
8753
17950
8753
-1
8753
17950
10215
0
5643
17950
15417
0
-13770
-17951
-12308
-1
12307
17950
12307
-1
-12308
-17951
-13770
0
15417
17950
7106
0
7106
17950
16879
-1
-16880
-17951
-7107
0
-7107
-17951
-15418
-1
13769
17950
13769
0
-15418
-17951
-7107
-1
-7107
-17951
-16880
0
16879
17950
5643
0
10215
17950
10215
0
5643
17950
16879
-1
-16880
-17951
-5644
0
-10216
-17951
-10216
-1
-5644
-17951
-15418
-1
13769
17950
12307
0
-12308
-17951
-12308
0
12307
17950
13769
-1
-15418
-17951
-7107
-1
-7107
-17951
-16880
0
16879
17950
7106
-1
7106
17950
15417
0
-13770
-17951
-13770
-1
15417
17950
7106
0
7106
17950
16879
-1
-16880
-17951
-5644
-1
-10216
-17951
-8754
-1
-8754
-17951
-8754
-1
-8754
-17951
-8754
0
-8754
-17951
-10216
-1
-5644
-17951
-15418
-1
13769
17950
12307
0
-12308
-17951
-12308
0
12307
17950
13769
-1
-15418
-17951
-7107
-1
-7107
-17951
-16880
0
16879
17950
7106
-1
7106
17950
15417
0
-13770
-17951
-13770
-1
15417
17950
7106
0
7106
17950
16879
-1
-16880
-17951
-5644
-1
-10216
-17951
-10216
-1
-5644
-17951
-16880
0
16879
17950
5643
-1
10215
17950
10215
0
5643
17950
15417
0
-13770
-17951
-12308
-1
12307
17950
12307
-1
-12308
-17951
-13770
0
15417
17950
5643
0
10215
17950
8753
0
8753
17950
10215
-1
5643
17950
15417
0
-13770
-17951
-13770
-1
15417
17950
7106
0
7106
17950
16879
-1
-16880
-17951
-5644
-1
-10216
-17951
-8754
-1
-8754
-17951
-8754
-1
-8754
-17951
-8754
0
-8754
-17951
-10216
-1
-5644
-17951
-15418
-1
13769
17950
12307
0
-12308
-17951
-12308
0
12307
17950
13769
-1
-15418
-17951
-5644
-1
-10216
-17951
-8754
-1
-8754
-17951
-10216
0
-5644
-17951
-15418
-1
13769
17950
13769
0
-15418
-17951
-7107
-1
-7107
-17951
-16880
0
16879
17950
5643
0
10215
17950
10215
0
5643
17950
16879
-1
-16880
-17951
-5644
0
-10216
-17951
-10216
-1
-5644
-17951
-15418
-1
13769
17950
12307
0
-12308
-17951
-12308
0
12307
17950
13769
-1
-15418
-17951
-7107
-1
-7107
-17951
-16880
0
16879
17950
7106
-1
7106
17950
15417
0
-13770
-17951
-13770
-1
15417
17950
7106
0
7106
17950
16879
-1
-16880
-17951
-5644
-1
-10216
-17951
-8754
-1
-8754
-17951
-8754
-1
-8754
-17951
-8754
0
-8754
-17951
-10216
-1
-5644
-17951
-15418
-1
13769
17950
12307
0
-12308
-17951
-12308
0
12307
17950
13769
-1
-15418
-17951
-5644
-1
-10216
-17951
-8754
-1
-8754
-17951
-10216
0
-5644
-17951
-15418
-1
13769
17950
13769
0
-15418
-17951
-7107
-1
-7107
-17951
-16880
0
16879
17950
5643
0
10215
17950
10215
0
5643
17950
16879
-1
-16880
-17951
-5644
0
-10216
-17951
-10216
-1
-5644
-17951
-15418
-1
13769
17950
12307
0
-12308
-17951
-12308
0
12307
17950
13769
-1
-15418
-17951
-5644
-1
-10216
-17951
-8754
-1
-8754
-17951
-10216
0
-5644
-17951
-15418
-1
13769
17950
13769
0
-15418
-17951
-7107
-1
-7107
-17951
-16880
0
16879
17950
5643
0
10215
17950
8753
0
8753
17950
8753
0
8753
17950
8753
-1
8753
17950
10215
0
5643
17950
15417
0
-13770
-17951
-12308
-1
12307
17950
12307
-1
-12308
-17951
-13770
0
15417
17950
5643
0
10215
17950
8753
0
8753
17950
10215
-1
5643
17950
15417
0
-13770
-17951
-13770
-1
15417
17950
7106
0
7106
17950
16879
-1
-16880
-17951
-5644
-1
-10216
-17951
-10216
-1
-5644
-17951
-16880
0
16879
17950
5643
-1
10215
17950
10215
0
5643
17950
15417
0
-13770
-17951
-12308
-1
12307
17950
12307
-1
-12308
-17951
-13770
0
15417
17950
7106
0
7106
17950
16879
-1
-16880
-17951
-7107
0
-7107
-17951
-15418
-1
13769
17950
13769
0
-15418
-17951
-7107
-1
-7107
-17951
-16880
0
16879
17950
5643
0
10215
17950
8753
0
8753
17950
8753
0
8753
17950
8753
-1
8753
17950
10215
0
5643
17950
15417
0
-13770
-17951
-12308
-1
12307
17950
12307
-1
-12308
-17951
-13770
0
15417
17950
7106
0
7106
17950
16879
-1
-16880
-17951
-7107
0
-7107
-17951
-15418
-1
13769
17950
13769
0
-15418
-17951
-7107
-1
-7107
-17951
-16880
0
16879
17950
5643
0
10215
17950
10215
0
5643
17950
16879
-1
-16880
-17951
-5644
0
-10216
-17951
-10216
-1
-5644
-17951
-15418
-1
13769
17950
12307
0
-12308
-17951
-12308
0
12307
17950
13769
-1
-15418
-17951
-5644
-1
-10216
-17951
-8754
-1
-8754
-17951
-10216
0
-5644
-17951
-15418
-1
13769
17950
13769
0
-15418
-17951
-7107
-1
-7107
-17951
-16880
0
16879
17950
5643
0
10215
17950
8753
0
8753
17950
8753
0
8753
17950
8753
-1
8753
17950
10215
0
5643
17950
15417
0
-13770
-17951
-12308
-1
12307
17950
12307
-1
-12308
-17951
-13770
0
15417
17950
5643
0
10215
17950
8753
0
8753
17950
10215
-1
5643
17950
15417
0
-13770
-17951
-13770
-1
15417
17950
7106
0
7106
17950
16879
-1
-16880
-17951
-5644
-1
-10216
-17951
-10216
-1
-5644
-17951
-16880
0
16879
17950
5643
-1
10215
17950
10215
0
5643
17950
15417
0
-13770
-17951
-12308
-1
12307
17950
12307
-1
-12308
-17951
-13770
0
15417
17950
7106
0
7106
17950
16879
-1
-16880
-17951
-7107
0
-7107
-17951
-15418
-1
13769
17950
13769
0
-15418
-17951
-7107
-1
-7107
-17951
-16880
0
16879
17950
5643
0
10215
17950
8753
0
8753
17950
8753
0
8753
17950
8753
-1
8753
17950
10215
0
5643
17950
15417
0
-13770
-17951
-12308
-1
12307
17950
12307
-1
-12308
-17951
-13770
0
15417
17950
5643
0
10215
17950
8753
0
8753
17950
10215
-1
5643
17950
15417
0
-13770
-17951
-13770
-1
15417
17950
7106
0
7106
17950
16879
-1
-16880
-17951
-5644
-1
-10216
-17951
-10216
-1
-5644
-17951
-16880
0
16879
17950
5643
-1
10215
17950
10215
0
5643
17950
15417
0
-13770
-17951
-12308
-1
12307
17950
12307
-1
-12308
-17951
-13770
0
15417
17950
5643
0
10215
17950
8753
0
8753
17950
10215
-1
5643
17950
15417
0
-13770
-17951
-13770
-1
15417
17950
7106
0
7106
17950
16879
-1
-16880
-17951
-5644
-1
-10216
-17951
-8754
-1
-8754
-17951
-8754
-1
-8754
-17951
-8754
0
-8754
-17951
-10216
-1
-5644
-17951
-15418
-1
13769
17950
12307
0
-12308
-17951
-12308
0
12307
17950
13769
-1
-15418
-17951
-7107
-1
-7107
-17951
-16880
0
16879
17950
7106
-1
7106
17950
15417
0
-13770
-17951
-13770
-1
15417
17950
7106
0
7106
17950
16879
-1
-16880
-17951
-5644
-1
-10216
-17951
-10216
-1
-5644
-17951
-16880
0
16879
17950
5643
-1
10215
17950
10215
0
5643
17950
15417
0
-13770
-17951
-12308
-1
12307
17950
12307
-1
-12308
-17951
-13770
0
15417
17950
7106
0
7106
17950
16879
-1
-16880
-17951
-7107
0
-7107
-17951
-15418
-1
13769
17950
13769
0
-15418
-17951
-7107
-1
-7107
-17951
-16880
0
16879
17950
5643
0
10215
17950
8753
0
8753
17950
8753
0
8753
17950
8753
-1
8753
17950
10215
0
5643
17950
15417
0
-13770
-17951
-12308
-1
12307
17950
12307
-1
-12308
-17951
-13770
0
15417
17950
7106
0
7106
17950
16879
-1
-16880
-17951
-7107
0
-7107
-17951
-15418
-1
13769
17950
13769
0
-15418
-17951
-7107
-1
-7107
-17951
-16880
0
16879
17950
5643
0
10215
17950
10215
0
5643
17950
16879
-1
-16880
-17951
-5644
0
-10216
-17951
-10216
-1
-5644
-17951
-15418
-1
13769
17950
12307
0
-12308
-17951
-12308
0
12307
17950
13769
-1
-15418
-17951
-5644
-1
-10216
-17951
-8754
-1
-8754
-17951
-10216
0
-5644
-17951
-15418
-1
13769
17950
13769
0
-15418
-17951
-7107
-1
-7107
-17951
-16880
0
16879
17950
5643
0
10215
17950
8753
0
8753
17950
8753
0
8753
17950
8753
-1
8753
17950
10215
0
5643
17950
15417
0
-13770
-17951
-12308
-1
12307
17950
12307
-1
-12308
-17951
-13770
0
15417
17950
7106
0
7106
17950
16879
-1
-16880
-17951
-7107
0
-7107
-17951
-15418
-1
13769
17950
13769
0
-15418
-17951
-7107
-1
-7107
-17951
-16880
0
16879
17950
5643
0
10215
17950
10215
0
5643
17950
16879
-1
-16880
-17951
-5644
0
-10216
-17951
-10216
-1
-5644
-17951
-15418
-1
13769
17950
12307
0
-12308
-17951
-12308
0
12307
17950
13769
-1
-15418
-17951
-7107
-1
-7107
-17951
-16880
0
16879
17950
7106
-1
7106
17950
15417
0
-13770
-17951
-13770
-1
15417
17950
7106
0
7106
17950
16879
-1
-16880
-17951
-5644
-1
-10216
-17951
-8754
-1
-8754
-17951
-8754
-1
-8754
-17951
-8754
0
-8754
-17951
-10216
-1
-5644
-17951
-15418
-1
13769
17950
12307
0
-12308
-17951
-12308
0
12307
17950
13769
-1
-15418
-17951
-5644
-1
-10216
-17951
-8754
-1
-8754
-17951
-10216
0
-5644
-17951
-15418
-1
13769
17950
13769
0
-15418
-17951
-7107
-1
-7107
-17951
-16880
0
16879
17950
5643
0
10215
17950
10215
0
5643
17950
16879
-1
-16880
-17951
-5644
0
-10216
-17951
-10216
-1
-5644
-17951
-15418
-1
13769
17950
12307
0
-12308
-17951
-12308
0
12307
17950
13769
-1
-15418
-17951
-5644
-1
-10216
-17951
-8754
-1
-8754
-17951
-10216
0
-5644
-17951
-15418
-1
13769
17950
13769
0
-15418
-17951
-7107
-1
-7107
-17951
-16880
0
16879
17950
5643
0
10215
17950
8753
0
8753
17950
8753
0
8753
17950
8753
-1
8753
17950
10215
0
5643
17950
15417
0
-13770
-17951
-12308
-1
12307
17950
12307
-1
-12308
-17951
-13770
0
15417
17950
5643
0
10215
17950
8753
0
8753
17950
10215
-1
5643
17950
15417
0
-13770
-17951
-13770
-1
15417
17950
7106
0
7106
17950
16879
-1
-16880
-17951
-5644
-1
-10216
-17951
-10216
-1
-5644
-17951
-16880
0
16879
17950
5643
-1
10215
17950
10215
0
5643
17950
15417
0
-13770
-17951
-12308
-1
12307
17950
12307
-1
-12308
-17951
-13770
0
15417
17950
7106
0
7106
17950
16879
-1
-16880
-17951
-7107
0
-7107
-17951
-15418
-1
13769
17950
13769
0
-15418
-17951
-7107
-1
-7107
-17951
-16880
0
16879
17950
5643
0
10215
17950
8753
0
8753
17950
8753
0
8753
17950
8753
-1
8753
17950
10215
0
5643
17950
15417
0
-13770
-17951
-12308
-1
12307
17950
12307
-1
-12308
-17951
-13770
0
15417
17950
7106
0
7106
17950
16879
-1
-16880
-17951
-7107
0
-7107
-17951
-15418
-1
13769
17950
13769
0
-15418
-17951
-7107
-1
-7107
-17951
-16880
0
16879
17950
5643
0
10215
17950
10215
0
5643
17950
16879
-1
-16880
-17951
-5644
0
-10216
-17951
-10216
-1
-5644
-17951
-15418
-1
13769
17950
12307
0
-12308
-17951
-12308
0
12307
17950
13769
-1
-15418
-17951
-5644
-1
-10216
-17951
-8754
-1
-8754
-17951
-10216
0
-5644
-17951
-15418
-1
13769
17950
13769
0
-15418
-17951
-7107
-1
-7107
-17951
-16880
0
16879
17950
5643
0
10215
17950
8753
0
8753
17950
8753
0
8753
17950
8753
-1
8753
17950
10215
0
5643
17950
15417
0
-13770
-17951
-12308
-1
12307
17950
12307
-1
-12308
-17951
-13770
0
15417
17950
7106
0
7106
17950
15417
0
-13770
-17951
-12308
0
12307
17950
12307
-1
-12308
-17951
-13770
-1
15417
17950
7106
0
7106
17950
16879
-1
-16880
-17951
-7107
-1
-7107
-17951
-15418
-1
13769
17950
12307
0
-12308
-17951
-12308
0
12307
17950
12307
-1
-12308
-17951
-12308
-1
12307
17950
12307
0
-12308
-17951
-13770
0
15417
17950
7106
0
7106
17950
16879
0
-16880
-17951
-7107
-1
-7107
-17951
-15418
0
13769
17950
12307
-1
-12308
-17951
-13770
-1
15417
17950
7106
0
7106
17950
16879
-1
-16880
-17951
-7107
-1
-7107
-17951
-16880
-1
16879
17950
7106
0
7106
17950
15417
-1
-13770
-17951
-12308
0
12307
17950
12307
0
-12308
-17951
-12308
-1
12307
17950
13769
-1
-15418
-17951
-7107
-1
-7107
-17951
-16880
-1
16879
17950
5643
0
10215
17950
10215
-1
5643
17950
15417
0
-13770
-17951
-12308
-1
12307
17950
12307
0
-12308
-17951
-13770
0
15417
17950
5643
-1
10215
17950
8753
-1
8753
17950
10215
0
5643
17950
16879
-1
-16880
-17951
-5644
-1
-10216
-17951
-10216
-1
-5644
-17951
-16880
0
16879
17950
5643
-1
10215
17950
8753
-1
8753
17950
10215
-1
5643
17950
16879
0
-16880
-17951
-5644
0
-10216
-17951
-8754
-1
-8754
-17951
-8754
-1
-8754
-17951
-10216
-1
-5644
-17951
-15418
-1
13769
17950
13769
-1
-15418
-17951
-5644
-1
-10216
-17951
-10216
-1
-5644
-17951
-16880
0
16879
17950
7106
-1
7106
17950
16879
0
-16880
-17951
-5644
-1
-10216
-17951
-8754
-1
-8754
-17951
-10216
-1
-5644
-17951
-15418
0
13769
17950
13769
0
-15418
-17951
-7107
-1
-7107
-17951
-16880
-1
16879
17950
5643
0
10215
17950
10215
0
5643
17950
15417
0
-13770
-17951
-12308
-1
12307
17950
13769
0
-15418
-17951
-5644
-1
-10216
-17951
-8754
0
-8754
-17951
-8754
0
-8754
-17951
-10216
-1
-5644
-17951
-15418
0
13769
17950
13769
0
-15418
-17951
-7107
-1
-7107
-17951
-16880
0
16879
17950
5643
-1
10215
17950
10215
-1
5643
17950
15417
0
-13770
-17951
-12308
-1
12307
17950
12307
-1
-12308
-17951
-12308
-1
12307
17950
12307
-1
-12308
-17951
-12308
-1
12307
17950
12307
0
-12308
-17951
-13770
0
15417
17950
7106
0
7106
17950
15417
0
-13770
-17951
-13770
0
15417
17950
7106
-1
7106
17950
15417
-1
-13770
-17951
-13770
-1
15417
17950
7106
0
7106
17950
15417
0
-13770
-17951
-12308
-1
12307
17950
12307
-1
-12308
-17951
-12308
0
12307
17950
13769
0
-15418
-17951
-7107
-1
-7107
-17951
-15418
0
13769
17950
13769
0
-15418
-17951
-5644
0
-10216
-17951
-8754
0
-8754
-17951
-8754
0
-8754
-17951
-10216
0
-5644
-17951
-15418
-1
13769
17950
12307
0
-12308
-17951
-12308
0
12307
17950
12307
0
-12308
-17951
-13770
-1
15417
17950
7106
-1
7106
17950
15417
0
-13770
-17951
-13770
-1
15417
17950
5643
-1
10215
17950
8753
0
8753
17950
8753
-1
8753
17950
8753
0
8753
17950
8753
0
8753
17950
8753
0
8753
17950
8753
-1
8753
17950
10215
0
5643
17950
16879
0
-16880
-17951
-7107
-1
-7107
-17951
-16880
-1
16879
17950
5643
-1
10215
17950
8753
-1
8753
17950
8753
0
8753
17950
8753
-1
8753
17950
8753
0
8753
17950
10215
0
5643
17950
16879
0
-16880
-17951
-5644
0
-10216
-17951
-10216
0
-5644
-17951
-16880
0
16879
17950
5643
0
10215
17950
8753
0
8753
17950
8753
0
8753
17950
8753
0
8753
17950
8753
0
8753
17950
8753
-1
8753
17950
8753
0
8753
17950
8753
-1
8753
17950
8753
-1
8753
17950
8753
-1
8753
17950
10215
0
5643
17950
15417
-1
-13770
-17951
-13770
-1
15417
17950
7106
0
7106
17950
16879
-1
-16880
-17951
-5644
0
-10216
-17951
-10216
0
-5644
-17951
-16880
-1
16879
17950
5643
0
10215
17950
8753
0
8753
17950
8753
0
8753
17950
10215
0
5643
17950
16879
0
-16880
-17951
-7107
0
-7107
-17951
-15418
-1
13769
17950
13769
-1
-15418
-17951
-7107
-1
-7107
-17951
-16880
-1
16879
17950
7106
0
7106
17950
16879
0
-16880
-17951
-5644
-1
-10216
-17951
-8754
-1
-8754
-17951
-8754
0
-8754
-17951
-8754
-1
-8754
-17951
-8754
-1
-8754
-17951
-10216
0
-5644
-17951
-16880
-1
16879
17950
5643
0
10215
17950
8753
-1
8753
17950
10215
-1
5643
17950
15417
0
-13770
-17951
-12308
-1
12307
17950
13769
-1
-15418
-17951
-5644
-1
-10216
-17951
-10216
-1
-5644
-17951
-15418
-1
13769
17950
12307
0
-12308
-17951
-13770
-1
15417
17950
7106
-1
7106
17950
15417
-1
-13770
-17951
-12308
0
12307
17950
13769
-1
-15418
-17951
-7107
-1
-7107
-17951
-15418
0
13769
17950
13769
0
-15418
-17951
-5644
0
-10216
-17951
-10216
0
-5644
-17951
-16880
0
16879
17950
7106
0
7106
17950
16879
-1
-16880
-17951
-5644
0
-10216
-17951
-8754
-1
-8754
-17951
-8754
0
-8754
-17951
-10216
-1
-5644
-17951
-15418
-1
13769
17950
13769
0
-15418
-17951
-5644
-1
-10216
-17951
-10216
0
-5644
-17951
-16880
0
16879
17950
5643
-1
10215
17950
8753
0
8753
17950
10215
-1
5643
17950
15417
-1
-13770
-17951
-12308
0
12307
17950
13769
0
-15418
-17951
-7107
-1
-7107
-17951
-15418
-1
13769
17950
13769
-1
-15418
-17951
-7107
-1
-7107
-17951
-15418
0
13769
17950
13769
0
-15418
-17951
-5644
0
-10216
-17951
-10216
-1
-5644
-17951
-16880
0
16879
17950
5643
0
10215
17950
8753
-1
8753
17950
8753
0
8753
17950
10215
-1
5643
17950
16879
0
-16880
-17951
-5644
-1
-10216
-17951
-8754
0
-8754
-17951
-8754
-1
-8754
-17951
-8754
0
-8754
-17951
-8754
0
-8754
-17951
-10216
-1
-5644
-17951
-15418
0
13769
17950
12307
-1
-12308
-17951
-13770
-1
15417
17950
5643
0
10215
17950
10215
0
5643
17950
16879
-1
-16880
-17951
-7107
-1
-7107
-17951
-16880
-1
16879
17950
5643
-1
10215
17950
10215
0
5643
17950
16879
0
-16880
-17951
-7107
0
-7107
-17951
-16880
0
16879
17950
5643
-1
10215
17950
8753
-1
8753
17950
8753
-1
8753
17950
8753
0
8753
17950
8753
-1
8753
17950
10215
-1
5643
17950
16879
0
-16880
-17951
-5644
0
-10216
-17951
-8754
-1
-8754
-17951
-8754
-1
-8754
-17951
-10216
-1
-5644
-17951
-15418
0
13769
17950
12307
-1
-12308
-17951
-13770
-1
15417
17950
7106
0
7106
17950
16879
-1
-16880
-17951
-7107
-1
-7107
-17951
-15418
-1
13769
17950
12307
0
-12308
-17951
-12308
0
12307
17950
12307
-1
-12308
-17951
-12308
-1
12307
17950
12307
0
-12308
-17951
-13770
0
15417
17950
7106
0
7106
17950
16879
0
-16880
-17951
-7107
-1
-7107
-17951
-15418
0
13769
17950
12307
-1
-12308
-17951
-13770
-1
15417
17950
7106
0
7106
17950
16879
-1
-16880
-17951
-7107
-1
-7107
-17951
-16880
-1
16879
17950
7106
0
7106
17950
15417
-1
-13770
-17951
-12308
0
12307
17950
12307
0
-12308
-17951
-12308
-1
12307
17950
13769
-1
-15418
-17951
-7107
-1
-7107
-17951
-15418
-1
13769
17950
13769
-1
-15418
-17951
-7107
0
-7107
-17951
-15418
-1
13769
17950
12307
0
-12308
-17951
-12308
-1
12307
17950
13769
-1
-15418
-17951
-5644
0
-10216
-17951
-8754
0
-8754
-17951
-10216
-1
-5644
-17951
-16880
0
16879
17950
5643
0
10215
17950
10215
0
5643
17950
16879
-1
-16880
-17951
-5644
0
-10216
-17951
-8754
0
-8754
-17951
-10216
0
-5644
-17951
-16880
-1
16879
17950
5643
-1
10215
17950
8753
0
8753
17950
8753
0
8753
17950
10215
0
5643
17950
15417
0
-13770
-17951
-13770
0
15417
17950
5643
0
10215
17950
10215
0
5643
17950
16879
-1
-16880
-17951
-7107
0
-7107
-17951
-16880
-1
16879
17950
5643
0
10215
17950
8753
0
8753
17950
10215
0
5643
17950
15417
-1
-13770
-17951
-13770
-1
15417
17950
7106
0
7106
17950
16879
0
-16880
-17951
-5644
-1
-10216
-17951
-10216
-1
-5644
-17951
-15418
-1
13769
17950
12307
0
-12308
-17951
-13770
-1
15417
17950
5643
0
10215
17950
8753
-1
8753
17950
8753
-1
8753
17950
10215
0
5643
17950
15417
-1
-13770
-17951
-13770
-1
15417
17950
7106
0
7106
17950
16879
-1
-16880
-17951
-5644
0
-10216
-17951
-10216
0
-5644
-17951
-15418
-1
13769
17950
12307
0
-12308
-17951
-12308
0
12307
17950
12307
0
-12308
-17951
-12308
0
12307
17950
12307
0
-12308
-17951
-12308
-1
12307
17950
13769
-1
-15418
-17951
-7107
-1
-7107
-17951
-15418
-1
13769
17950
13769
-1
-15418
-17951
-7107
0
-7107
-17951
-15418
0
13769
17950
13769
0
-15418
-17951
-7107
-1
-7107
-17951
-15418
-1
13769
17950
12307
0
-12308
-17951
-12308
0
12307
17950
12307
-1
-12308
-17951
-13770
-1
15417
17950
7106
0
7106
17950
15417
-1
-13770
-17951
-13770
-1
15417
17950
5643
-1
10215
17950
8753
-1
8753
17950
8753
-1
8753
17950
10215
-1
5643
17950
15417
0
-13770
-17951
-12308
-1
12307
17950
12307
-1
-12308
-17951
-12308
-1
12307
17950
13769
0
-15418
-17951
-7107
0
-7107
-17951
-15418
-1
13769
17950
13769
0
-15418
-17951
-5644
0
-10216
-17951
-8754
-1
-8754
-17951
-8754
0
-8754
-17951
-8754
-1
-8754
-17951
-8754
-1
-8754
-17951
-8754
-1
-8754
-17951
-8754
0
-8754
-17951
-10216
-1
-5644
-17951
-16880
-1
16879
17950
7106
0
7106
17950
16879
0
-16880
-17951
-5644
0
-10216
-17951
-8754
0
-8754
-17951
-8754
-1
-8754
-17951
-8754
0
-8754
-17951
-8754
-1
-8754
-17951
-10216
-1
-5644
-17951
-16880
-1
16879
17950
5643
-1
10215
17950
10215
-1
5643
17950
16879
-1
-16880
-17951
-5644
-1
-10216
-17951
-8754
-1
-8754
-17951
-8754
-1
-8754
-17951
-8754
-1
-8754
-17951
-8754
-1
-8754
-17951
-8754
0
-8754
-17951
-8754
-1
-8754
-17951
-8754
0
-8754
-17951
-8754
0
-8754
-17951
-8754
0
-8754
-17951
-10216
-1
-5644
-17951
-15418
0
13769
17950
13769
0
-15418
-17951
-7107
-1
-7107
-17951
-16880
0
16879
17950
5643
-1
10215
17950
10215
-1
5643
17950
16879
0
-16880
-17951
-5644
-1
-10216
-17951
-8754
-1
-8754
-17951
-8754
-1
-8754
-17951
-10216
-1
-5644
-17951
-16880
-1
16879
17950
7106
-1
7106
17950
15417
0
-13770
-17951
-13770
0
15417
17950
7106
0
7106
17950
16879
0
-16880
-17951
-7107
-1
-7107
-17951
-16880
-1
16879
17950
5643
0
10215
17950
8753
0
8753
17950
8753
-1
8753
17950
8753
0
8753
17950
8753
0
8753
17950
10215
-1
5643
17950
16879
0
-16880
-17951
-5644
-1
-10216
-17951
-8754
0
-8754
-17951
-10216
0
-5644
-17951
-15418
-1
13769
17950
12307
0
-12308
-17951
-13770
0
15417
17950
5643
0
10215
17950
10215
0
5643
17950
15417
0
-13770
-17951
-12308
-1
12307
17950
13769
0
-15418
-17951
-7107
0
-7107
-17951
-15418
0
13769
17950
12307
-1
-12308
-17951
-13770
0
15417
17950
7106
0
7106
17950
15417
-1
-13770
-17951
-13770
-1
15417
17950
5643
-1
10215
17950
10215
-1
5643
17950
16879
-1
-16880
-17951
-7107
-1
-7107
-17951
-16880
0
16879
17950
5643
-1
10215
17950
8753
0
8753
17950
8753
-1
8753
17950
10215
0
5643
17950
15417
0
-13770
-17951
-13770
-1
15417
17950
5643
0
10215
17950
10215
-1
5643
17950
16879
-1
-16880
-17951
-5644
0
-10216
-17951
-8754
-1
-8754
-17951
-10216
0
-5644
-17951
-15418
0
13769
17950
12307
-1
-12308
-17951
-13770
-1
15417
17950
7106
0
7106
17950
15417
0
-13770
-17951
-13770
0
15417
17950
7106
0
7106
17950
15417
-1
-13770
-17951
-13770
-1
15417
17950
5643
-1
10215
17950
10215
0
5643
17950
16879
-1
-16880
-17951
-5644
-1
-10216
-17951
-8754
0
-8754
-17951
-8754
-1
-8754
-17951
-10216
0
-5644
-17951
-16880
-1
16879
17950
5643
0
10215
17950
8753
-1
8753
17950
8753
0
8753
17950
8753
-1
8753
17950
8753
-1
8753
17950
10215
0
5643
17950
15417
-1
-13770
-17951
-12308
0
12307
17950
13769
0
-15418
-17951
-5644
-1
-10216
-17951
-10216
-1
-5644
-17951
-16880
0
16879
17950
7106
0
7106
17950
16879
0
-16880
-17951
-5644
0
-10216
-17951
-10216
-1
-5644
-17951
-16880
-1
16879
17950
7106
-1
7106
17950
16879
-1
-16880
-17951
-5644
0
-10216
-17951
-8754
0
-8754
-17951
-8754
0
-8754
-17951
-8754
-1
-8754
-17951
-8754
0
-8754
-17951
-10216
0
-5644
-17951
-16880
-1
16879
17950
5643
-1
10215
17950
8753
0
8753
17950
10215
0
5643
17950
15417
0
-13770
-17951
-12308
0
12307
17950
12307
-1
-12308
-17951
-13770
-1
15417
17950
7106
0
7106
17950
16879
-1
-16880
-17951
-7107
-1
-7107
-17951
-15418
-1
13769
17950
12307
0
-12308
-17951
-12308
0
12307
17950
12307
-1
-12308
-17951
-12308
-1
12307
17950
12307
0
-12308
-17951
-13770
0
15417
17950
7106
0
7106
17950
16879
0
-16880
-17951
-7107
-1
-7107
-17951
-15418
0
13769
17950
12307
-1
-12308
-17951
-13770
-1
15417
17950
7106
0
7106
17950
16879
-1
-16880
-17951
-7107
-1
-7107
-17951
-16880
-1
16879
17950
7106
0
7106
17950
15417
-1
-13770
-17951
-12308
0
12307
17950
12307
0
-12308
-17951
-12308
-1
12307
17950
13769
-1
-15418
-17951
-7107
-1
-6875
-17951
-15947
-1
15134
17950
8120
-5677
-14086
-17030
-14596
-5677
9332
17029
8386
-5677
-13320
-17030
-19460
-17030
-5338
5676
4817
-5677
-15750
-17030
-10230
-5677
-6462
-5677
2048
5676
-1042
-5677
1586
5676
-5016
-17030
-14245
-5677
-4091
-5677
-1768
5676
6123
-5677
-19444
-17030
2628
17029
9750
-5677
-7768
5676
18582
17029
6676
5676
16211
17029
-1786
-17030
-5199
17029
21029
5676
-10073
-17030
-18798
-17030
-14988
-17030
-20707
-17030
-4612
5676
6742
5676
9171
5676
-7843
-17030
-9031
5676
7363
-5677
-19385
-17030
322
17029
21829
17029
15127
17029
15169
5676
-7527
-17030
-18880
-17030
-14708
-5677
8445
17029
10154
-5677
-14428
-5677
13105
17029
2585
-5677
5676
17029
4595
-17030
-19584
-5677
7122
17029
24598
17029
-4794
-17030
-6660
5676
182
-17030
-25243
-17030
-5553
-5677
-15088
-17030
-3950
5676
-2967
-17030
-15750
-5677
-2908
-5677
-5016
-5677
-8826
-5677
6800
17029
12783
-5677
-21551
-17030
4999
17029
6800
-5677
-1967
5676
-2586
-17030
-16815
-5677
2569
5676
7725
5676
-1505
-5677
-4032
-5677
-13262
-17030
-8106
5676
9891
5676
462
-5677
-9950
-5677
8246
17029
10816
-5677
-18782
-17030
-6618
-5677
-15691
-17030
140
17029
12262
-5677
-13304
-5677
5461
5676
-2892
-5677
1644
5676
-5156
-17030
-10875
5676
15831
17029
13922
5676
-8247
-17030
-13403
-5677
-925
5676
15368
17029
4956
-5677
-1183
5676
2107
-5677
-7387
-5677
-9709
-17030
-18261
-5677
12320
17029
3569
-5677
3891
17029
16012
5676
5493
17029
24920
17029
-3033
-17030
-13923
-5677
-5941
-5677
3231
5676
-8627
-17030
-5016
5676
-4032
-17030
-11139
5676
12121
5676
941
5676
14707
17029
8568
-5677
-12784
-5677
5718
5676
-8048
-17030
-9693
5676
10734
5676
3370
5676
9971
17029
22549
17029
-603
-17030
-19526
-5677
10792
17029
11212
5676
9310
17029
20185
17029
12799
5676
-6140
-17030
-21310
-17030
-9510
-5677
-6520
-5677
-843
5676
5660
-5677
-18460
-17030
520
17029
17798
5676
-1688
5676
18723
17029
-1909
-17030
-13262
-5677
-11155
-17030
-7445
5676
3231
-5677
-6198
-5677
-9751
-5677
11337
17029
-521
-17030
-9751
5676
5660
-5677
-10015
-5677
-4032
-5677
-7065
-5677
-199
5676
10170
17029
24399
17029
-5661
-17030
-5098
5676
-5098
-17030
-6124
17029
25383
17029
8063
5676
5998
5676
2950
-5677
-12321
-5677
9891
17029
4214
-17030
-26566
-17030
-479
5676
140
-5677
-2488
5676
6585
-5677
-17857
-17030
-3429
5676
-2247
-17030
-22351
-17030
-9767
-5677
-843
5676
9832
5676
-6660
-17030
-14907
-5677
1644
5676
8708
5676
-4075
-5677
4536
5676
-8768
-17030
-2892
17029
15873
-5677
-22534
-17030
4015
17029
8966
-5677
-8305
-5677
-9230
-5677
11395
17029
-2108
-17030
-3290
17029
17277
5676
3709
5676
-2645
-17030
-22351
-17030
-9832
-5677
-7924
-17030
-24980
-17030
5139
17029
8187
-5677
-4596
5676
7568
-5677
-18782
-17030
-2908
5676
-2446
-17030
-19303
-5677
8692
5676
-10536
-17030
-4553
5676
-3107
-17030
-13106
5676
15873
5676
-13246
-17030
322
17029
15690
5676
6155
17029
19302
5676
-12866
-17030
-2190
17029
23334
17029
11632
17029
23334
17029
-1265
-17030
-14370
5676
21608
17029
-3554
-17030
-9950
5676
10874
5676
661
-5677
-15428
-17030
-5478
5676
3289
-5677
-9230
-5677
263
5676
11353
17029
17335
5676
-12924
-17030
842
17029
13319
5676
10691
17029
7444
-5677
-4157
5676
9551
5676
1660
5676
11196
5676
-10817
-17030
-1587
17029
16410
5676
2907
5676
3891
5676
14824
17029
4874
-5677
1263
17029
22549
17029
8105
-5677
-20105
-17030
4735
17029
2306
-17030
-16411
-5677
-5016
-5677
3752
5676
-10214
-17030
1908
17029
6139
-5677
5214
17029
3412
-17030
-14832
5676
19765
17029
6676
5676
15029
17029
3428
-5677
5998
17029
7584
-5677
-1967
5676
-2446
-17030
-20707
-17030
-17153
-17030
-11014
-5677
-6983
-5677
3032
5676
-2166
-5677
5676
17029
10734
-5677
-11999
-5677
5015
17029
25582
17029
-6182
-17030
-5156
5676
-3511
-17030
-12585
5676
13303
5676
-4678
-5677
3891
17029
22409
17029
7981
5676
10873
17029
18657
17029
16227
17029
13179
5676
-2190
-5677
-2248
5676
12799
17029
15831
5676
-10214
-17030
-9709
-5677
-14047
-17030
-3892
5676
-5074
-17030
-8165
5676
3693
-5677
-6462
-5677
-12800
-17030
-7123
5676
7783
5676
6659
5676
-1323
-5677
2445
17029
24458
17029
1924
-5677
-199
5676
719
-5677
-4495
-5677
-16353
-17030
1182
17029
10675
-5677
-7364
5676
16814
17029
7842
-5677
-16493
-17030
-7726
5676
16352
17029
8724
5676
10476
5676
-12263
-17030
3149
17029
520
-17030
-6124
17029
20690
5676
-3075
5676
19244
17029
-3495
-17030
-7726
5676
1041
-5677
4552
17029
13525
5676
9245
17029
13105
-5677
-22476
-17030
5256
17029
3090
-17030
-15470
5676
21954
17029
-1306
-17030
-20905
-17030
-15649
-17030
-13584
-5677
1527
5676
6279
5676
4015
-5677
-17535
-17030
198
17029
14427
-5677
-22534
-17030
4999
17029
8246
-5677
-4133
5676
5139
-5677
-14509
-17030
-17294
-17030
-15170
-5677
10154
17029
9649
5676
14707
17029
784
-17030
-12321
5676
13906
5676
-9353
-17030
-15906
-17030
-23276
-17030
6321
17029
-1042
-17030
-3612
17029
13766
-5677
-13709
-5677
2950
5676
5998
5676
8526
17029
23474
17029
-662
-17030
-19385
-5677
8347
5676
-10214
-17030
-3612
17029
22012
5676
-13304
-17030
-4752
5676
3231
-5677
-7966
-5677
-8643
-17030
-21690
-17030
-6999
-5677
-15088
-17030
-3892
5676
-3107
-17030
-12379
5676
18863
17029
6742
-5677
-15229
-17030
-13741
-17030
-24722
-17030
6784
17029
-1967
-17030
-720
17029
7122
-5677
6659
17029
-199
-17030
-3554
17029
11858
-5677
-9230
-5677
-8768
-5677
11337
17029
-1042
-17030
-9090
5676
1397
-17030
-24913
-17030
-4331
5676
7616
0
-11542
-17951
-12677
0
12807
17950
12307
-1
-12308
-17951
-13770
-1
15417
17950
7106
0
7106
17950
16879
-1
-16880
-17951
-7107
-1
-7107
-17951
-15418
-1
13769
17950
12307
0
-12308
-17951
-12308
0
12307
17950
12307
-1
-12308
-17951
-12308
-1
12307
17950
12307
0
-12308
-17951
-13770
0
15417
17950
7106
0
7106
17950
16879
0
-16880
-17951
-7107
-1
-7107
-17951
-15418
0
13769
17950
12307
-1
-12308
-17951
-13770
-1
15417
17950
7106
0
7106
17950
16879
-1
-16880
-17951
-7107
-1
-7107
-17951
-16880
-1
16879
17950
7106
0
7106
17950
15417
-1
-13770
-17951
-12308
0
12307
17950
12307
0
-12308
-17951
-12308
-1
12307
17950
13769
-1
-15418
-17951
-7107
-1
-6413
-17951
-17393
-1
18687
17950
-705
-17030
-14929
-5677
-6167
-17030
-23636
-17030
-5553
-5677
-17196
-17030
3693
17029
3032
-17030
-12379
5676
11799
5676
1123
-5677
-15949
-17030
-3892
5676
-1322
-17030
-24781
-17030
-4569
-5677
-17658
-17030
3231
17029
4478
-17030
-16395
5676
22533
17029
-3033
-17030
-11537
5676
17798
17029
10832
5676
924
-5677
-14187
-17030
-10634
-5677
-9031
-5677
8767
17029
6461
-5677
800
17029
24259
17029
8063
5676
6659
5676
-3453
-17030
-25003
-17030
1041
17029
20442
17029
15045
17029
19383
17029
14583
17029
21888
17029
-1124
-17030
-16353
-5677
-2189
-5677
-10493
-17030
-24459
-17030
5660
17029
5618
-5677
3973
17029
11600
-5677
-11197
-5677
-3371
-5677
-9510
-17030
-23534
-17030
3172
17029
10956
-5677
-15287
-17030
-18277
-17030
-9047
-5677
-10073
-5677
10353
17029
983
-17030
-11999
5676
14765
17029
20904
17029
800
-5677
7040
17029
7965
-5677
-1629
17029
26102
17029
-2049
-17030
-17676
-5677
8767
17029
15105
5676
-7322
-17030
-17014
-5677
11337
17029
5354
-5677
-4752
-5677
-15890
-17030
1843
17029
6123
-17030
-23055
-5677
14427
17029
1644
-17030
-20626
-5677
12320
17029
8246
-5677
-12842
-5677
6181
5676
-8048
-17030
-9693
5676
11659
5676
478
5676
15690
17029
5998
-5677
-4215
5676
9288
5676
983
-5677
-12321
-5677
12320
17029
-984
-17030
-10676
5676
6702
-5677
-12725
-5677
6982
17029
19318
17029
16491
17029
15566
17029
21285
17029
2304
-5677
3428
17029
17335
5676
-5000
-5677
-3511
-5677
-12741
-17030
-10676
5676
19384
17029
2989
-5677
-521
5676
-942
-17030
-24921
-17030
-2446
5676
1785
-5677
-7644
-5677
-6140
-5677
983
5676
4494
5676
14186
17029
5676
-5677
-5619
-5677
-14386
-17030
-2371
17029
19905
5676
-7364
-5677
8047
17029
10412
-5677
-17278
-17030
-11758
-5677
520
5676
10633
17029
21771
17029
4494
-5677
-5677
-5677
-12138
-17030
-13385
-5677
-7403
-17030
-23938
-17030
983
17029
22292
17029
13482
17029
21829
17029
1504
-17030
-25987
-17030
-1346
5676
-463
-5677
1866
17029
23474
17029
5073
-5677
-9570
-5677
3627
17029
26102
17029
-6843
-17030
-199
17029
10412
-5677
-8569
-5677
-11875
-17030
-7907
5676
6321
-5677
-16874
-17030
-7123
5676
11395
5676
-3290
-5677
2386
17029
25640
17029
-4157
-17030
-10495
5676
14824
17029
17872
17029
10814
5676
7981
17029
24317
17029
-646
-5677
8105
17029
2628
-17030
-17799
-5677
-1000
-5677
-8428
-5677
-2967
-5677
-13122
-17030
-12601
-5677
-4032
-5677
-2629
5676
14186
17029
12799
5676
322
-5677
-10354
-5677
7842
17029
10675
-5677
-14487
-5677
10874
17029
5198
-17030
-29657
-17030
7826
17029
2107
-17030
-15933
5676
23921
17029
-5521
-17030
-6660
5676
-479
-17030
-20228
-5677
8692
5676
-10536
-17030
-4553
5676
-4032
-17030
-10214
5676
10617
5676
4172
5676
2107
-5677
-11816
-17030
-18261
-5677
13965
17029
-3554
-17030
-2307
17029
15228
5676
10691
17029
6923
-5677
-2108
5676
2569
-5677
-8370
-5677
-8064
-17030
-23938
-17030
2107
17029
14906
5676
4295
5676
2907
5676
17394
17029
-3694
-17030
-3232
17029
16873
5676
2644
5676
1767
-5677
-4678
5676
16352
17029
6139
-5677
-8768
-5677
-3570
-5677
-8370
-5677
-1925
-5677
-16353
-17030
0
17029
16352
5676
1461
5676
8890
5676
2907
5676
12336
17029
10734
-5677
-19121
-17030
-463
17029
19179
5676
-10875
-17030
-9429
5676
17072
17029
7122
-5677
-13445
-5677
12642
17029
3048
-5677
6080
17029
4677
-17030
-22351
-17030
-17153
-17030
-9369
-5677
-14105
-17030
-5016
5676
983
-5677
2907
17029
21631
17029
14723
17029
16211
5676
-9371
-17030
-9230
5676
11536
5676
-6924
-17030
-21508
-17030
-5619
5676
13724
17029
17234
17029
14244
5676
-5818
-17030
-18460
-5677
12461
17029
339
-17030
-19922
-17030
-19864
-17030
1644
17029
13665
5676
9187
17029
12642
-5677
-20509
-17030
2429
17029
14385
5676
4634
5676
-3107
-17030
-22755
-17030
-8527
-5677
-8569
-5677
6139
17029
16153
5676
-183
5676
17136
17029
4031
-5677
-1909
5676
-421
-17030
-26508
-17030
2628
17029
16814
5676
-2150
5676
19302
17029
-2248
-17030
-7768
17029
29656
17029
-6644
-17030
-7322
5676
3810
-5677
-8510
-5677
-6338
-5677
3106
17029
24458
17029
800
-5677
4412
17029
17195
5676
-2092
5676
19244
17029
-4479
-17030
-6081
5676
-5098
-17030
-4678
17029
21367
17029
18335
17029
4675
-5677
858
17029
25441
17029
16
-5677
2429
5676
-6140
-17030
-9552
5676
6784
-5677
-16212
-17030
-12138
-5677
-2850
-5677
-9230
-5677
6402
17029
18938
17029
15228
5676
-10553
-17030
-3033
17029
20162
5676
-11338
-17030
-9429
5676
17072
17029
6659
-5677
-11537
-5677
7180
17029
15948
5676
-4877
-5677
4353
17029
23474
17029
3510
-5677
-7123
-5677
-8527
-17030
-22351
-17030
-4875
5676
6263
-5677
-18841
-17030
-537
5676
-7445
-17030
-5999
5676
-4032
-17030
-9693
5676
9030
5676
9708
17029
16615
5676
-5661
-5677
3149
5676
-6081
-17030
-12263
5676
17856
17029
10492
5676
6939
17029
26425
17029
-7710
-17030
1305
17029
6197
-5677
4751
17029
3875
-17030
-14891
5676
19905
17029
3768
-5677
-6801
-5677
-7726
-5677
5734
17029
15228
5676
1263
5676
14046
17029
11874
5676
1504
-5677
-16031
-17030
-1446
17029
19120
5676
-10214
-17030
-13461
-5677
719
5676
9229
5676
-5199
-5677
8626
17029
6982
-5677
-183
17029
25383
17029
3048
-5677
-7123
-5677
-8064
-17030
-24260
-17030
-339
5676
-7445
-17030
-6198
5676
462
-5677
6601
17029
6601
-5677
-463
5676
-5619
-17030
-9172
5676
8105
5676
11616
17029
11616
5676
8105
5676
-9172
-17030
-5619
5676
-463
-5677
5214
17029
10476
-5677
-8752
5676
19963
17029
-1124
-17030
-14197
5676
22542
17029
-4778
-17030
-10059
-1
-5302
-17951
-16032
0
13732
17950
12307
-1
-12308
-17951
-13770
-1
15417
17950
7106
0
7106
17950
16879
-1
-16880
-17951
-7107
-1
-7107
-17951
-15418
-1
13769
17950
12307
0
-12308
-17951
-12308
0
12307
17950
12307
-1
-12308
-17951
-12308
-1
12307
17950
12307
0
-12308
-17951
-13770
0
15417
17950
7106
0
7106
17950
16879
0
-16880
-17951
-7107
-1
-7107
-17951
-15418
0
13769
17950
12307
-1
-12308
-17951
-13770
-1
15417
17950
7106
0
7106
17950
16879
-1
-16880
-17951
-7107
-1
-7107
-17951
-16880
-1
16879
17950
7106
0
7106
17950
15417
-1
-13770
-17951
-12308
0
12307
17950
12307
0
-12308
-17951
-12308
-1
12307
17950
13769
-1
-15418
-17951
-7107
-1
-6875
-17951
-16409
-1
16580
17950
5955
-5677
-6361
-5677
-11827
-17030
-11052
-5677
-11073
-17030
-12981
-5677
-7924
-17030
-21830
-17030
-6140
5676
15169
17029
14202
17029
24721
17029
-5860
-17030
-1388
17029
8347
-17030
-29598
-17030
4074
17029
14964
5676
1725
5676
11938
17029
21367
17029
4031
-5677
-6602
-5677
-10634
-17030
-15229
-5677
1785
5676
5139
-5677
-20427
-17030
7106
17029
-2892
-17030
0
17029
2429
-17030
-6586
17029
20690
5676
-2150
5676
17739
17029
-264
-17030
-19864
-17030
-19401
-17030
-323
17029
16492
5676
-720
-5677
-10413
-5677
9949
17029
2165
-17030
-19584
-5677
9089
17029
19921
17029
9971
5676
6461
5676
520
-5677
-7585
-5677
-4553
-5677
-7445
-5677
-2908
-5677
-13320
-17030
-8627
5676
11998
5676
-7123
-17030
-17014
-5677
9288
17029
13782
5676
1725
5676
12658
17029
15749
5676
-6322
-5677
7180
17029
9809
-5677
-12462
-5677
6923
17029
21045
17029
6139
-5677
-13923
-17030
-14650
-5677
4273
5676
-3091
-5677
5015
17029
16674
5676
-646
5676
17136
17029
2644
-5677
1966
5676
-8709
-17030
-1
17029
9171
-5677
-3876
5676
1429
-17030
-28937
-17030
8288
17029
-1446
-17030
-4736
17029
19706
5676
-968
5676
11659
5676
-8709
-17030
-8768
5676
9891
5676
1123
-5677
-15428
-17030
-5478
5676
4214
-5677
-11660
-5677
4536
5676
-3033
-5677
5998
17029
14046
5676
7138
17029
19302
5676
-13386
-17030
-1066
17029
18319
5676
-1688
5676
16814
17029
2165
-17030
-24599
-17030
-3570
5676
7924
5676
602
-5677
-13262
-17030
-12279
-5677
-984
5676
14847
17029
7526
-5677
-10676
-5677
-421
-5677
-17278
-17030
462
17029
16293
5676
2064
5676
5461
-5677
-17336
-17030
-3429
5676
-2305
-17030
-21286
-17030
-15104
-17030
-16550
-17030
-20104
-17030
-7461
-5677
-15229
-17030
1387
17029
12740
5676
13724
17029
-199
-17030
-9693
5676
4273
-5677
-8510
-5677
-6338
-5677
3106
17029
23995
17029
1321
-5677
3288
17029
22210
17029
11691
17029
25242
17029
-6322
-17030
-1
17029
5859
-17030
-24260
-17030
-14724
-17030
-13122
-5677
82
5676
9370
5676
-5677
-17030
-16552
-5677
7783
17029
17476
5676
-10934
-17030
-7123
5676
6842
-5677
-17857
-17030
-5999
5676
7767
-5677
-21410
-17030
5660
17029
2569
-17030
-13363
5676
14369
5676
-7907
-17030
-19460
-17030
-12601
-5677
2768
5676
404
-5677
-2687
5676
11278
5676
-7907
-17030
-17294
-17030
-20847
-17030
1123
17029
15310
5676
3510
5676
2891
-5677
-10618
-5677
4074
5676
-2629
-5677
4693
17029
14228
-5677
-22997
-17030
7106
17029
140
-17030
-9148
5676
-339
-17030
-21169
-17030
-17815
-17030
-5537
5676
7667
5676
6279
5676
-2586
-17030
-24137
-17030
661
17029
19583
5676
-11917
-17030
-7123
5676
8288
-5677
-20948
-17030
4156
17029
4876
-17030
-23996
-17030
-11155
-5677
3752
5676
-3150
-5677
7526
17029
8246
-5677
-7585
-5677
-12741
-17030
-6602
5676
7064
5676
11757
17029
10617
-5677
-18261
-17030
-6618
-5677
-17137
-17030
3231
17029
2569
-17030
-12784
5676
13105
5676
941
5676
13724
17029
10675
-5677
-19906
-17030
-1867
5676
-4032
-17030
-13825
5676
21491
17029
-2430
-17030
-14444
-5677
-4495
-5677
661
5676
-59
-5677
-984
5676
4015
-5677
-12122
-5677
7106
5676
-10735
-17030
602
17029
5859
-17030
-23938
-17030
-11354
-5677
7262
17029
13402
5676
1908
-5677
-17939
-17030
3611
17029
5214
-5677
4552
17029
8890
-5677
-646
17029
25383
17029
2123
-5677
-5619
-5677
-12220
-17030
-10618
5676
17798
17029
8988
5676
11154
17029
11255
-5677
-19526
-17030
-603
17029
22087
17029
10492
5676
3171
5676
12857
17029
10271
-5677
-19121
-17030
0
17029
19583
5676
-12643
-17030
-7800
-5677
-15691
-17030
2710
17029
3172
-17030
-16212
-5677
-8064
-17030
-15170
-5677
924
5676
12278
17029
14707
5676
-2769
-5677
-1124
5676
8304
5676
-463
-5677
-8709
-5677
1504
5676
4552
5676
12600
17029
12137
5676
5536
5676
-603
-5677
-2049
5676
7643
5676
4090
5676
6982
5676
4353
5676
10691
17029
17798
5676
-11859
-17030
-5016
5676
-1726
-17030
-22351
-17030
-12138
-5677
4677
5676
-3671
-5677
7725
17029
4735
-17030
-25062
-17030
-5619
5676
14964
17029
11417
5676
7864
17029
23995
17029
-1587
-17030
-18402
-5677
7164
5676
-5058
-5677
8187
17029
4214
-17030
-23938
-17030
-10171
-5677
198
5676
6601
5676
5477
5676
5536
5676
6519
5676
3428
5676
12196
17029
14566
5676
279
5676
15889
17029
2165
-17030
-24137
-17030
-5941
5676
12056
5676
-11338
-17030
-2248
17029
22871
17029
14524
17029
17152
17029
17195
5676
-13907
-17030
2165
17029
4735
-17030
-21352
-5677
7164
5676
-2570
-5677
2386
17029
23995
17029
2966
-5677
-3835
5676
13700
17029
17211
17029
16491
17029
18136
17029
12658
5676
-1587
-5677
-6602
-5677
-5941
-5677
-5478
-5677
-7585
-5677
520
5676
5998
5676
10492
17029
20185
17029
10229
5676
2950
-5677
-17477
-17030
-264
17029
13502
-5677
-21030
-17030
1767
17029
19459
17029
18739
17029
4353
-5677
-1528
5676
1562
-5677
-4157
5676
13121
17029
19260
17029
9567
5676
7965
5676
-3694
-5677
6659
17029
8304
-5677
-7784
-5677
-9230
-5677
10874
17029
-984
-17030
-9693
5676
5057
-5677
-6586
5676
17136
17029
8121
5676
13641
17029
4933
-5677
2304
17029
20706
17029
15905
17029
9610
-5677
-18542
-17030
-603
17029
22028
17029
10633
5676
-1124
-5677
-4173
-5677
-11139
-5677
10874
17029
-463
-17030
-10354
5676
10014
5676
7799
17029
19706
5676
-14891
-17030
4536
17029
-264
-17030
-7123
5676
-6140
-17030
-463
17029
7122
-5677
4090
17029
9352
-5677
-2092
17029
28011
17029
-6586
-17030
-5355
5676
-1388
-5677
8304
17029
-662
-17030
-4446
17029
18789
5676
237
5676
7277
0
-10963
-17951
-13602
0
12807
17950
12307
-1
-12308
-17951
-13770
-1
15417
17950
7106
0
7106
17950
16879
-1
-16880
-17951
-7107
-1
-7107
-17951
-15418
-1
13769
17950
12307
0
-12308
-17951
-12308
0
12307
17950
12307
-1
-12308
-17951
-12308
-1
12307
17950
12307
0
-12308
-17951
-13770
0
15417
17950
7106
0
7106
17950
16879
0
-16880
-17951
-7107
-1
-7107
-17951
-15418
0
13769
17950
12307
-1
-12308
-17951
-13770
-1
15417
17950
7106
0
7106
17950
16879
-1
-16880
-17951
-7107
-1
-7107
-17951
-16880
-1
16879
17950
7106
0
7106
17950
15417
-1
-13770
-17951
-12308
0
12307
17950
12307
0
-12308
-17951
-12308
-1
12307
17950
13769
-1
-15418
-17951
-7107
-1
-7800
-17951
-14905
-1
12886
17950
18613
17029
13883
5676
-3442
-5677
2069
5676
-3892
-17030
-20765
-17030
-16029
-17030
-15567
-17030
-20823
-17030
-3289
5676
-859
-17030
-24517
-17030
-2908
5676
3752
-5677
-11859
-5677
9030
17029
13724
5676
3973
5676
1644
-5677
-10171
-17030
-24921
-17030
6784
17029
-1306
-17030
-6660
5676
-3769
-17030
-5983
17029
21550
5676
-11800
-17030
-7983
5676
14443
17029
15831
5676
-11859
-17030
-3974
5676
-3511
-17030
-13767
5676
19905
17029
3106
-5677
-2248
5676
7040
5676
11013
17029
17094
17029
20846
17029
-1
-17030
-20385
-17030
-18541
-17030
-8849
-5677
-15229
-17030
924
17029
13724
5676
11616
17029
6923
-5677
-3495
5676
5520
-5677
-13767
-5677
12262
17029
140
-17030
-15691
-5677
-7081
-17030
-17799
-5677
9171
17029
13922
5676
-1124
-5677
-7925
-5677
5015
17029
21045
17029
7122
-5677
-16493
-17030
-5156
5676
5875
5676
9692
5676
-10413
-17030
-463
17029
11395
-5677
-10875
-5677
-1645
5676
17072
17029
-1124
-17030
-12462
5676
18781
17029
9187
5676
7064
5676
-4957
-17030
-20326
-17030
-13725
-5677
7321
17029
14244
5676
3171
5676
10955
17029
21103
17029
1041
-17030
-25665
-17030
2950
17029
17029
17029
22754
17029
-5860
-17030
579
17029
4595
-17030
-16337
5676
20426
17029
3627
-5677
-4356
5676
14162
17029
17211
17029
16953
17029
16690
17029
15749
5676
-11742
-17030
-5560
5676
1504
-5677
16
17029
26829
17029
-1629
-5677
9551
17029
520
-17030
-11601
5676
8089
-5677
-15675
-5677
14691
17029
-4075
-17030
-1446
17029
7164
-17030
-22013
-5677
11138
17029
13460
5676
-720
-5677
-8305
-5677
3231
5676
-4413
-17030
-21690
-17030
-12154
-17030
-24318
-17030
5742
17029
2651
-17030
-17196
-5677
-4511
-17030
-25384
-17030
2569
17029
14906
5676
3370
5676
4874
5676
13179
17029
11476
5676
9046
17029
16410
5676
-7726
-17030
-17014
-5677
10353
17029
8849
-5677
-14825
-17030
-17153
-17030
-15971
-17030
-20707
-17030
-3628
5676
5097
5676
15310
17029
462
-17030
-15832
-5677
-3974
-5677
-925
5676
5015
5676
12658
17029
12459
5676
7923
17029
21888
17029
5998
-5677
-10875
-5677
4214
5676
-5800
-17030
-18336
-17030
-19782
-17030
-3230
5676
-2967
-17030
-17857
-5677
6585
5676
-2951
-5677
1586
5676
-3570
-17030
-16874
-5677
2768
5676
4214
-5677
-18981
-17030
3553
17029
7783
-5677
-3554
5676
2950
-5677
-4157
5676
13121
17029
19260
17029
9567
5676
8427
5676
-4215
-5677
6858
17029
6643
-17030
-29194
-17030
5859
17029
6321
-17030
-29715
-17030
8692
17029
1264
-17030
-16271
-5677
-6478
-17030
-21169
-17030
-12138
-5677
3032
5676
2989
5676
16756
17029
-1446
-17030
-12279
-5677
-13262
-17030
-323
17029
11278
-5677
-10272
-5677
-4091
-5677
-4817
-5677
-12138
-17030
-14708
-5677
3090
5676
4031
5676
12137
17029
15029
5676
-646
5676
18781
17029
-3091
-17030
-8569
5676
241
-17030
-23938
-17030
-6198
5676
16030
17029
7526
-5677
-10934
-5677
4214
5676
-3892
-17030
-22410
-17030
-8907
-5677
-8444
-17030
-23856
-17030
586
5676
-7503
-17030
-6058
5676
-1983
-17030
-16212
-5677
-2908
-5677
-5941
-5677
-7784
-5677
5477
17029
20384
17029
12137
5676
-2711
-5677
380
5676
4090
5676
14707
17029
3569
-5677
2429
5676
-8768
-17030
140
17029
6263
-17030
-24781
-17030
-13079
-17030
-20186
-17030
-7181
5676
14847
17029
14649
5676
-4736
-5677
3611
5676
-7065
-17030
-10155
5676
11659
5676
941
5676
14707
17029
7180
-5677
-10296
-5677
842
5676
11154
17029
19863
17029
8047
-5677
-16353
-17030
-9047
-5677
-12923
-17030
-11014
-5677
-11676
-17030
-7644
5676
8246
5676
7584
5676
-3753
-5677
7180
17029
9551
-5677
-8289
5676
18980
17029
520
-17030
-20105
-5677
11858
17029
8246
-5677
-12379
-5677
5660
5676
-7387
-17030
-12337
-5677
-7181
-5677
8849
17029
2710
-17030
-20443
-17030
-18336
-17030
-4214
5676
-1843
-17030
-22410
-17030
-9568
-5677
-4817
-5677
-5735
-5677
-3150
5676
17013
17029
983
-17030
-19584
-5677
11196
17029
12278
5676
4435
5676
1644
-5677
-10171
-17030
-24921
-17030
6784
17029
-1306
-17030
-6660
5676
-3769
-17030
-5983
17029
21550
5676
-11800
-17030
-7983
5676
14443
17029
15831
5676
-11859
-17030
-3974
5676
-3511
-17030
-13767
5676
19905
17029
3106
-5677
-2248
5676
7040
5676
11013
17029
17094
17029
20846
17029
-1
-17030
-20385
-17030
-18541
-17030
-8849
-5677
-15229
-17030
924
17029
13724
5676
11616
17029
6923
-5677
-3495
5676
5520
-5677
-13767
-5677
12262
17029
140
-17030
-15691
-5677
-7081
-17030
-17799
-5677
9171
17029
13922
5676
-1124
-5677
-7925
-5677
5015
17029
21045
17029
7122
-5677
-16493
-17030
-5156
5676
5875
5676
9692
5676
-10413
-17030
-463
17029
11395
-5677
-10875
-5677
-1645
5676
17072
17029
-1124
-17030
-12462
5676
18781
17029
9187
5676
7064
5676
-4957
-17030
-20326
-17030
-13725
-5677
7321
17029
14244
5676
3171
5676
10955
17029
21103
17029
1041
-17030
-25665
-17030
2950
17029
17029
17029
22754
17029
-5860
-17030
579
17029
4595
-17030
-16337
5676
20426
17029
3627
-5677
-4356
5676
14162
17029
17211
17029
16953
17029
16690
17029
15749
5676
-11742
-17030
-5560
5676
1504
-5677
16
17029
26829
17029
-1629
-5677
9551
17029
520
-17030
-11601
5676
8089
-5677
-15675
-5677
14691
17029
-4075
-17030
-1446
17029
7164
-17030
-22013
-5677
11138
17029
12997
5676
-1124
-5677
-7925
-5677
3627
17029
23995
17029
1263
-5677
3891
17029
17856
5676
-6586
-5677
2950
5676
-1587
-5677
3569
17029
16873
5676
-2769
-5677
-4215
5676
18980
17029
-3554
-17030
-7784
5676
3553
-5677
-2951
5676
4156
-5677
-13122
-17030
-19261
-17030
-9568
-5677
-8428
-5677
4214
5676
-7553
-17030
-3744
17029
23696
17029
8417
-1
-10699
-17951
-13081
0
12344
17950
12307
-1
-12308
-17951
-13770
-1
15417
17950
7106
0
7106
17950
16879
-1
-16880
-17951
-7107
-1
-7107
-17951
-15418
-1
13769
17950
12307
0
-12308
-17951
-12308
0
12307
17950
12307
-1
-12308
-17951
-12308
-1
12307
17950
12307
0
-12308
-17951
-13770
0
15417
17950
7106
0
7106
17950
16879
0
-16880
-17951
-7107
-1
-7107
-17951
-15418
0
13769
17950
12307
-1
-12308
-17951
-13770
-1
15417
17950
7106
0
7106
17950
16879
-1
-16880
-17951
-7107
-1
-7107
-17951
-16880
-1
16879
17950
7106
0
7106
17950
15417
-1
-13770
-17951
-12308
0
12307
17950
12307
0
-12308
-17951
-12308
-1
12307
17950
13769
-1
-15418
-17951
-7107
-1
-7107
-17951
-16149
-1
15324
17950
9706
0
-2601
-1
1554
0
-732
-1
0
0
0
0
0
0
0
0
0
0
0
0
0
0
0
0
0
0
0
0
0
0
0
0
0
0
0
0
0
0
0
0
0
0
0
0
0
0
0
0
0
0
0
0
0
0
0
0
0
0
0
0
0
0
0
0
0
0
0
0
0
0
0
0
0
0
0
0
0
0
0
0
0
0
0
0
0
0
0
0
0
0
0
0
0
0
0
0
0
0
0
0
0
0
0
0
0
0
0
0
0
0
0
0
0
0
0
0
0
0
0
0
0
0
0
0
0
0
0
0
0
0
0
0
0
0
0
0
0
0
0
0
0
0
0
0
0
0
0
0
0
0
0
0
0
0
0
0
0
0
0
0
0
0
0
0
0
0
0
0
0
0
0
0
0
0
0
0
0
0
0
0
0
0
0
0
0
0
0
0
0
0
0
0
0
0
0
0
0
0
0
0
0
0
0
0
0
0
0
0
0
0
0
0
0
0
0
0
0
0
0
0
0
0
0
0
0
0
0
0
0
0
0
0
0
0
0
0
0
0
0
0
0
0
0
0
0
0
0
0
0
0
0
0
0
0
0
0
0
0
0
0
0
0
0
0
0
0
0
0
0
0
0
0
0
0
0
0
0
0
0
0
0
0
0
0
0
0
0
0
0
0
0
0
0
0
0
0
0
0
0
0
0
0
0
0
0
0
0
0
0
0
0
0
0
0
0
0
0
0
0
0
0
0
0
0
0
0
0
0
0
0
0
0
0
0
0
0
0
0
0
0
0
0
0
0
0
0
0
0
0
0
0
0
0
0
0
0
0
0
0
0
0
0
0
0
0
0
0
0
0
0
0
0
0
0
0
0
0
0
0
0
0
0
0
0
0
0
0
0
0
0
0
0
0
0
0
0
0
0
0
0
0
0
0
0
0
0
0
0
0
0
0
0
0
0
0
0
0
0
0
0
0
0
0
0
0
0
0
0
0
0
0
0
0
0
0
0
0
0
0
0
0
0
0
0
0
0
0
0
0
0
0
0
0
0
0
0
0
0
0
0
0
0
0
0
0
0
0
0
0
0
0
0
0
0
0
0
0
0
0
0
0
0
0
0
0
0
0
0
0
0
0
0
0
0
0
0
0
0
0
0
0
0
0
0
0
0
0
0
0
0
0
0
0
0
0
0
0
0
0
0
0
0
0
0
0
0
0
0
0
0
0
0
0
0
0
0
0
0
0
0
0
0
0
0
0
0
0
0
0
0
0
0
0
0
0
0
0
0
0
0
0
0
0
0
0
0
0
0
0
0
0
0
0
0
0
0
0
0
0
0
0
0
0
0
0
0
0
0
0
0
0
0
0
0
0
0
0
0
0
0
0
0
0
0
0
0
0
0
0
0
0
0
0
0
0
0
0
0
0
0
0
0
0
0
0
0
0
0
0
0
0
0
0
0
0
0
0
0
0
0
0
0
0
0
0
0
0
0
0
0
0
0
0
0
0
0
0
0
0
0
0
0
0
0
0
0
0
0
0
0
0
0
0
0
0
0
0
0
0
0
0
0
0
0
0
0
0
0
0
0
0
0
0
0
0
0
0
0
0
0
0
0
0
0
0
0
0
0
0
0
0
0
0
0
0
0
0
0
0
0
0
0
0
0
0
0
0
0
0
0
0
0
0
0
0
0
0
0
0
0
0
0
0
0
0
0
0
0
0
0
0
0
0
0
0
0
0
0
0
0
0
0
0
0
0
0
0
0
0
0
0
0
0
0
0
0
0
0
0
0
0
0
0
0
0
0
0
0
0
0
0
0
0
0
0
0
0
0
0
0
0
0
0
0
0
0
0
0
0
0
0
0
0
0
0
0
0
0
0
0
0
0
0
0
0
0
0
0
0
0
0
0
0
0
0
0
0
0
0
0
0
0
0
0
0
0
0
0
0
0
0
0
0
0
0
0
0
0
0
0
0
0
0
0
0
0
0
0
0
0
0
0
0
0
0
0
0
0
0
0
0
0
0
0
0
0
0
0
0
0
0
0
0
0
0
0
0
0
0
0
0
0
0
0
0
0
0
0
0
0
0
0
0
0
0
0
0
0
0
0
0
0
0
0
0
0
0
0
0
0
0
0
0
0
0
0
0
0
0
0
0
0
0
0
0
0
0
0
0
0
0
0
0
0
0
0
0
0
0
0
0
0
0
0
0
0
0
0
0
0
0
0
0
0
0
0
0
0
0
0
0
0
0
0
0
0
0
0
0
0
0
0
0
0
0
0
0
0
0
0
0
0
0
0
0
0
0
0
0
0
0
0
0
0
0
0
0
0
0
0
0
0
0
0
0
0
0
0
0
0
0
0
0
0
0
0
0
0
0
0
0
0
0
0
0
0
0
0
0
0
0
0
0
0
0
0
0
0
0
0
0
0
0
0
0
0
0
0
0
0
0
0
0
0
0
0
0
0
0
0
0
0
0
0
0
0
0
0
0
0
0
0
0
0
0
0
0
0
0
0
0
0
0
0
0
0
0
0
0
0
0
0
0
0
0
0
0
0
0
0
0
0
0
0
0
0
0
0
0
0
0
0
0
0
0
0
0
0
0
0
0
0
0
0
0
0
0
0
0
0
0
0
0
0
0
0
0
0
0
0
0
0
0
0
0
0
0
0
0
0
0
0
0
0
0
0
0
0
0
0
0
0
0
0
0
0
0
0
0
0
0
0
0
0
0
0
0
0
0
0
0
0
0
0
0
0
0
0
0
0
0
0
0
0
0
0
0
0
0
0
0
0
0
0
0
0
0
0
0
0
0
0
0
0
0
0
0
0
0
0
0
0
0
0
0
0
0
0
0
0
0
0
0
0
0
0
0
0
0
0
0
0
0
0
0
0
0
0
0
0
0
0
0
0
0
0
0
0
0
0
0
0
0
0
0
0
0
0
0
0
0
0
0
0
0
0
0
0
0
0
0
0
0
0
0
0
0
0
0
0
0
0
0
0
0
0
0
0
0
0
0
0
0
0
0
0
0
0
0
0
0
0
0
0
0
0
0
0
0
0
0
0
0
0
0
0
0
0
0
0
0
0
0
0
0
0
0
0
0
0
0
0
0
0
0
0
0
0
0
0
0
0
0
0
0
0
0
0
0
0
0
0
0
0
0
0
0
0
0
0
0
0
0
0
0
0
0
0
0
0
0
0
0
0
0
0
0
0
0
0
0
0
0
0
0
0
0
0
0
0
0
0
0
0
0
0
0
0
0
0
0
0
0
0
0
0
0
0
0
0
0
0
0
0
0
0
0
0
0
0
0
0
0
0
0
0
0
0
0
0
0
0
0
0
0
0
0
0
0
0
0
0
0
0
0
0
0
0
0
0
0
0
0
0
0
0
0
0
0
0
0
0
0
0
0
0
0
0
0
0
0
0
0
0
0
0
0
0
0
0
0
0
0
0
0
0
0
0
0
0
0
0
0
0
0
0
0
0
0
0
0
0
0
0
0
0
0
0
0
0
0
0
0
0
0
0
0
0
0
0
0
0
0
0
0
0
0
0
0
0
0
0
0
0
0
0
0
0
0
0
0
0
0
0
0
0
0
0
0
0
0
0
0
0
0
0
0
0
0
0
0
0
0
0
0
0
0
0
0
0
0
0
0
0
0
0
0
0
0
0
0
0
0
0
0
0
0
0
0
0
0
0
0
0
0
0
0
0
0
0
0
0
0
0
0
0
0
0
0
0
0
0
0
0
0
0
0
0
0
0
0
0
0
0
0
0
0
0
0
0
0
0
0
0
0
0
0
0
0
0
0
0
0
0
0
0
0
0
0
0
0
0
0
0
0
0
0
0
0
0
0
0
0
0
0
0
0
0
0
0
0
0
0
0
0
0
0
0
0
0
0
0
0
0
0
0
0
0
0
0
0
0
0
0
0
0
0
0
0
0
0
0
0
0
0
0
0
0
0
0
0
0
0
0
0
0
0
0
0
0
0
0
0
0
0
0
0
0
0
0
0
0
0
0
0
0
0
0
0
0
0
0
0
0
0
0
0
0
0
0
0
0
0
0
0
0
0
0
0
0
0
0
0
0
0
0
0
0
0
0
0
0
0
0
0
0
0
0
0
0
0
0
0
0
0
0
0
0
0
0
0
0
0
0
0
0
0
0
0
0
0
0
0
0
0
0
0
0
0
0
0
0
0
0
0
0
0
0
0
0
0
0
0
0
0
0
0
0
0
0
0
0
0
0
0
0
0
0
0
0
0
0
0
0
0
0
0
0
0
0
0
0
0
0
0
0
0
0
0
0
0
0
0
0
0
0
0
0
0
0
0
0
0
0
0
0
0
0
0
0
0
0
0
0
0
0
0
0
0
0
0
0
0
0
0
0
0
0
0
0
0
0
0
0
0
0
0
0
0
0
0
0
0
0
0
0
0
0
0
0
0
0
0
0
0
0
0
0
0
0
0
0
0
0
0
0
0
0
0
0
0
0
0
0
0
0
0
0
0
0
0
0
0
0
0
0
0
0
0
0
0
0
0
0
0
0
0
0
0
0
0
0
0
0
0
0
0
0
0
0
0
0
0
0
0
0
0
0
0
0
0
0
0
0
0
0
0
0
0
0
0
0
0
0
0
0
0
0
0
0
0
0
0
0
0
0
0
0
0
0
0
0
0
0
0
0
0
0
0
0
0
0
0
0
0
0
0
0
0
0
0
0
0
0
0
0
0
0
0
0
0
0
0
0
0
0
0
0
0
0
0
0
0
0
0
0
0
0
0
0
0
0
0
0
0
0
0
0
0
0
0
0
0
0
0
0
0
0
0
0
0
0
0
0
0
0
0
0
0
0
0
0
0
0
0
0
0
0
0
0
0
0
0
0
0
0
0
0
0
0
0
0
0
0
0
0
0
0
0
0
0
0
0
0
0
0
0
0
0
0
0
0
0
0
0
0
0
0
0
0
0
0
0
0
0
0
0
0
0
0
0
0
0
0
0
0
0
0
0
0
0
0
0
0
0
0
0
0
0
0
0
0
0
0
0
0
0
0
0
0
0
0
0
0
0
0
0
0
0
0
0
0
0
0
0
0
0
0
0
0
0
0
0
0
0
0
0
0
0
0
0
0
0
0
0
0
0
0
0
0
0
0
0
0
0
0
0
0
0
0
0
0
0
0
0
0
0
0
0
0
0
0
0
0
0
0
0
0
0
0
0
0
0
0
0
0
0
0
0
0
0
0
0
0
0
0
0
0
0
0
0
0
0
0
0
0
0
0
0
0
0
0
0
0
0
0
0
0
0
0
0
0
0
0
0
0
0
0
0
0
0
0
0
0
0
0
0
0
0
0
0
0
0
0
0
0
0
0
0
0
0
0
0
0
0
0
0
0
0
0
0
0
0
0
0
0
0
0
0
0
0
0
0
0
0
0
0
0
0
0
0
0
0
0
0
0
0
0
0
0
0
0
0
0
0
0
0
0
0
0
0
0
0
0
0
0
0
0
0
0
0
0
0
0
0
0
0
0
0
0
0
0
0
0
0
0
0
0
0
0
0
0
0
0
0
0
0
0
0
0
0
0
0
0
0
0
0
0
0
0
0
0
0
0
0
0
0
0
0
0
0
0
0
0
0
0
0
0
0
0
0
0
0
0
0
0
0
0
0
0
0
0
0
0
0
0
0
0
0
0
0
0
0
0
0
0
0
0
0
0
0
0
0
0
0
0
0
0
0
0
0
0
0
0
0
0
0
0
0
0
0
0
0
0
0
0
0
0
0
0
0
0
0
0
0
0
0
0
0
0
0
0
0
0
0
0
0
0
0
0
0
0
0
0
0
0
0
0
0
0
0
0
0
0
0
0
0
0
0
0
0
0
0
0
0
0
0
0
0
0
0
0
0
0
0
0
0
0
0
0
0
0
0
0
0
0
0
0
0
0
0
0
0
0
0
0
0
0
0
0
0
0
0
0
0
0
0
0
0
0
0
0
0
0
0
0
0
0
0
0
0
0
0
0
0
0
0
0
0
0
0
0
0
0
0
0
0
0
0
0
0
0
0
0
0
0
0
0
0
0
0
0
0
0
0
0
0
0
0
0
0
0
0
0
0
0
0
0
0
0
0
0
0
0
0
0
0
0
0
0
0
0
0
0
0
0
0
0
0
0
0
0
0
0
0
0
0
0
0
0
0
0
0
0
0
0
0
0
0
0
0
0
0
0
0
0
0
0
0
0
0
0
0
0
0
0
0
0
0
0
0
0
0
0
0
0
0
0
0
0
0
0
0
0
0
0
0
0
0
0
0
0
0
0
0
0
0
0
0
0
0
0
0
0
0
0
0
0
0
0
0
0
0
0
0
0
0
0
0
0
0
0
0
0
0
0
0
0
0
0
0
0
0
0
0
0
0
0
0
0
0
0
0
0
0
0
0
0
0
0
0
0
0
0
0
0
0
0
0
0
0
0
0
0
0
0
0
0
0
0
0
0
0
0
0
0
0
0
0
0
0
0
0
0
0
0
0
0
0
0
0
0
0
0
0
0
0
0
0
0
0
0
0
0
0
0
0
0
0
0
0
0
0
0
0
0
0
0
0
0
0
0
0
0
0
0
0
0
0
0
0
0
0
0
0
0
0
0
0
0
0
0
0
0
0
0
0
0
0
0
0
0
0
0
0
0
0
0
0
0
0
0
0
0
0
0
0
0
0
0
0
0
0
0
0
0
0
0
0
0
0
0
0
0
0
0
0
0
0
0
0
0
0
0
0
0
0
0
0
0
0
0
0
0
0
0
0
0
0
0
0
0
0
0
0
0
0
0
0
0
0
0
0
0
0
0
0
0
0
0
0
0
0
0
0
0
0
0
0
0
0
0
0
0
0
0
0
0
0
0
0
0
0
0
0
0
0
0
0
0
0
0
0
0
0
0
0
0
0
0
0
0
0
0
0
0
0
0
0
0
0
0
0
0
0
0
0
0
0
0
0
0
0
0
0
0
0
0
0
0
0
0
0
0
0
0
0
0
0
0
0
0
0
0
0
0
0
0
0
0
0
0
0
0
0
0
0
0
0
0
0
0
0
0
0
0
0
0
0
0
0
0
0
0
0
0
0
0
0
0
0
0
0
0
0
0
0
0
0
0
0
0
0
0
0
0
0
0
0
0
0
0
0
0
0
0
0
0
0
0
0
0
0
0
0
0
0
0
0
0
0
0
0
0
0
0
0
0
0
0
0
0
0
0
0
0
0
0
0
0
0
0
0
0
0
0
0
0
0
0
0
0
0
0
0
0
0
0
0
0
0
0
0
0
0
0
0
0
0
0
0
0
0
0
0
0
0
0
0
0
0
0
0
0
0
0
0
0
0
0
0
0
0
0
0
0
0
0
0
0
0
0
0
0
0
0
0
0
0
0
0
0
0
0
0
0
0
0
0
0
0
0
0
0
0
0
0
0
0
0
0
0
0
0
0
0
0
0
0
0
0
0
0
0
0
0
0
0
0
0
0
0
0
0
0
0
0
0
0
0
0
0
0
0
0
0
0
0
0
0
0
0
0
0
0
0
0
0
0
0
0
0
0
0
0
0
0
0
0
0
0
0
0
0
0
0
0
0
0
0
0
0
0
0
0
0
0
0
0
0
0
0
0
0
0
0
0
0
0
0
0
0
0
0
0
0
0
0
0
0
0
0
0
0
0
0
0
0
0
0
0
0
0
0
0
0
0
0
0
0
0
0
0
0
0
0
0
0
0
0
0
0
0
0
0
0
0
0
0
0
0
0
0
0
0
0
0
0
0
0
0
0
0
0
0
0
0
0
0
0
0
0
0
0
0
0
0
0
0
0
0
0
0
0
0
0
0
0
0
0
0
0
0
0
0
0
0
0
0
0
0
0
0
0
0
0
0
0
0
0
0
0
0
0
0
0
0
0
0
0
0
0
0
0
0
0
0
0
0
0
0
0
0
0
0
0
0
0
0
0
0
0
0
0
0
0
0
