-1
-4064
0
12816
17950
8660
0
6374
17950
15417
0
-13770
-17951
-12308
-1
12307
17950
12307
0
-12308
-17951
-13770
0
15417
17950
5643
-1
10215
17950
8753
0
8753
17950
8753
-1
8753
17950
8753
0
8753
17950
10215
0
5643
17950
16879
0
-16880
-17951
-7107
-1
-7107
-17951
-15418
0
13769
17950
13769
-1
-15418
-17951
-5644
-1
-10216
-17951
-8754
0
-8754
-17951
-10216
-1
-5644
-17951
-15418
-1
13769
17950
12307
0
-12308
-17951
-12308
-1
12307
17950
13769
-1
-15418
-17951
-5644
0
-10216
-17951
-10216
-1
-5644
-17951
-16880
0
16879
17950
5643
0
10215
17950
10215
0
5643
17950
16879
0
-16880
-17951
-7107
-1
-7107
-17951
-15418
0
13769
17950
13769
-1
-15418
-17951
-7107
0
-7107
-17951
-16880
0
16879
17950
7106
0
7106
17950
15417
0
-13770
-17951
-12308
-1
12307
17950
12307
0
-12308
-17951
-13770
0
15417
17950
5643
-1
10215
17950
8753
0
8753
17950
8753
-1
8753
17950
8753
0
8753
17950
10215
0
5643
17950
16879
0
-16880
-17951
-7107
-1
-7107
-17951
-15418
0
13769
17950
13769
-1
-15418
-17951
-7107
0
-7107
-17951
-16880
0
16879
17950
7106
0
7106
17950
15417
0
-13770
-17951
-12308
-1
12307
17950
12307
0
-12308
-17951
-13770
0
15417
17950
5643
-1
10215
17950
10215
0
5643
17950
16879
-1
-16880
-17951
-5644
-1
-10216
-17951
-10216
-1
-5644
-17951
-16880
-1
16879
17950
7106
0
7106
17950
15417
-1
-13770
-17951
-13770
0
15417
17950
5643
0
10215
17950
8753
-1
8753
17950
10215
0
5643
17950
15417
0
-13770
-17951
-12308
-1
12307
17950
12307
0
-12308
-17951
-13770
0
15417
17950
5643
-1
10215
17950
8753
0
8753
17950
8753
-1
8753
17950
8753
0
8753
17950
10215
0
5643
17950
16879
0
-16880
-17951
-7107
-1
-7107
-17951
-15418
0
13769
17950
13769
-1
-15418
-17951
-5644
-1
-10216
-17951
-8754
0
-8754
-17951
-10216
-1
-5644
-17951
-15418
-1
13769
17950
12307
0
-12308
-17951
-12308
-1
12307
17950
13769
-1
-15418
-17951
-5644
0
-10216
-17951
-10216
-1
-5644
-17951
-16880
0
16879
17950
5643
0
10215
17950
10215
0
5643
17950
16879
0
-16880
-17951
-7107
-1
-7107
-17951
-15418
0
13769
17950
13769
-1
-15418
-17951
-7107
0
-7107
-17951
-16880
0
16879
17950
7106
0
7106
17950
15417
0
-13770
-17951
-12308
-1
12307
17950
12307
0
-12308
-17951
-13770
0
15417
17950
5643
-1
10215
17950
8753
0
8753
17950
8753
-1
8753
17950
8753
0
8753
17950
10215
0
5643
17950
16879
0
-16880
-17951
-7107
-1
-7107
-17951
-15418
0
13769
17950
13769
-1
-15418
-17951
-7107
0
-7107
-17951
-16880
0
16879
17950
7106
0
7106
17950
15417
0
-13770
-17951
-12308
-1
12307
17950
12307
0
-12308
-17951
-13770
0
15417
17950
5643
-1
10215
17950
10215
0
5643
17950
16879
-1
-16880
-17951
-5644
-1
-10216
-17951
-10216
-1
-5644
-17951
-16880
-1
16879
17950
7106
0
7106
17950
15417
-1
-13770
-17951
-13770
0
15417
17950
5643
0
10215
17950
8753
-1
8753
17950
10215
0
5643
17950
15417
0
-13770
-17951
-12308
-1
12307
17950
12307
0
-12308
-17951
-13770
0
15417
17950
5643
-1
10215
17950
8753
0
8753
17950
8753
-1
8753
17950
8753
0
8753
17950
10215
0
5643
17950
16879
0
-16880
-17951
-7107
-1
-7107
-17951
-15418
0
13769
17950
13769
-1
-15418
-17951
-5644
-1
-10216
-17951
-8754
0
-8754
-17951
-10216
-1
-5644
-17951
-15418
-1
13769
17950
12307
0
-12308
-17951
-12308
-1
12307
17950
13769
-1
-15418
-17951
-5644
0
-10216
-17951
-10216
-1
-5644
-17951
-16880
0
16879
17950
5643
0
10215
17950
10215
0
5643
17950
16879
0
-16880
-17951
-7107
-1
-7107
-17951
-15418
0
13769
17950
13769
-1
-15418
-17951
-7107
0
-7107
-17951
-16880
0
16879
17950
7106
0
7106
17950
15417
0
-13770
-17951
-12308
-1
12307
17950
12307
0
-12308
-17951
-13770
0
15417
17950
5643
-1
10215
17950
8753
0
8753
17950
8753
-1
8753
17950
8753
0
8753
17950
10215
0
5643
17950
16879
0
-16880
-17951
-7107
-1
-7107
-17951
-15418
0
13769
17950
13769
-1
-15418
-17951
-7107
0
-7107
-17951
-16880
0
16879
17950
7106
0
7106
17950
15417
0
-13770
-17951
-12308
-1
12307
17950
12307
0
-12308
-17951
-13770
0
15417
17950
5643
-1
10215
17950
10215
0
5643
17950
16879
-1
-16880
-17951
-5644
-1
-10216
-17951
-10216
-1
-5644
-17951
-16880
-1
16879
17950
7106
0
7106
17950
15417
-1
-13770
-17951
-13770
0
15417
17950
5643
0
10215
17950
8753
-1
8753
17950
10215
0
5643
17950
15417
0
-13770
-17951
-12308
-1
12307
17950
12307
0
-12308
-17951
-13770
0
15417
17950
5643
-1
10215
17950
8753
0
8753
17950
8753
-1
8753
17950
8753
0
8753
17950
10215
0
5643
17950
16879
0
-16880
-17951
-7107
-1
-7107
-17951
-15418
0
13769
17950
13769
-1
-15418
-17951
-5644
-1
-10216
-17951
-8754
0
-8754
-17951
-10216
-1
-5644
-17951
-15418
-1
13769
17950
12307
0
-12308
-17951
-12308
-1
12307
17950
13769
-1
-15418
-17951
-5644
0
-10216
-17951
-10216
-1
-5644
-17951
-16880
0
16879
17950
5643
0
10215
17950
10215
0
5643
17950
16879
0
-16880
-17951
-7107
-1
-7107
-17951
-15418
0
13769
17950
13769
-1
-15418
-17951
-7107
0
-7107
-17951
-16880
0
16879
17950
7106
0
7106
17950
15417
0
-13770
-17951
-12308
-1
12307
17950
12307
0
-12308
-17951
-13770
0
15417
17950
5643
-1
10215
17950
8753
0
8753
17950
8753
-1
8753
17950
8753
0
8753
17950
10215
0
5643
17950
16879
0
-16880
-17951
-7107
-1
-7107
-17951
-15418
0
13769
17950
13769
-1
-15418
-17951
-7107
0
-7107
-17951
-16880
0
16879
17950
7106
0
7106
17950
15417
0
-13770
-17951
-12308
-1
12307
17950
12307
0
-12308
-17951
-13770
0
15417
17950
5643
-1
10215
17950
10215
0
5643
17950
16879
-1
-16880
-17951
-5644
-1
-10216
-17951
-10216
-1
-5644
-17951
-16880
-1
16879
17950
7106
0
7106
17950
15417
-1
-13770
-17951
-13770
0
15417
17950
5643
0
10215
17950
8753
-1
8753
17950
10215
0
5643
17950
15417
0
-13770
-17951
-12308
-1
12307
17950
12307
0
-12308
-17951
-13770
0
15417
17950
5643
-1
10215
17950
8753
0
8753
17950
8753
-1
8753
17950
8753
0
8753
17950
10215
0
5643
17950
16879
0
-16880
-17951
-7107
-1
-7107
-17951
-15418
0
13769
17950
13769
-1
-15418
-17951
-5644
-1
-10216
-17951
-8754
0
-8754
-17951
-10216
-1
-5644
-17951
-15418
-1
13769
17950
12307
0
-12308
-17951
-12308
-1
12307
17950
13769
-1
-15418
-17951
-5644
0
-10216
-17951
-10216
-1
-5644
-17951
-16880
0
16879
17950
5643
0
10215
17950
10215
0
5643
17950
16879
0
-16880
-17951
-7107
-1
-7107
-17951
-15418
0
13769
17950
13769
-1
-15418
-17951
-7107
0
-7107
-17951
-16880
0
16879
17950
7106
0
7106
17950
15417
0
-13770
-17951
-12308
-1
12307
17950
12307
0
-12308
-17951
-13770
0
15417
17950
5643
-1
10215
17950
8753
0
8753
17950
8753
-1
8753
17950
8753
0
8753
17950
10215
0
5643
17950
16879
0
-16880
-17951
-7107
-1
-7107
-17951
-15418
0
13769
17950
13769
-1
-15418
-17951
-7107
0
-7107
-17951
-16880
0
16879
17950
7106
0
7106
17950
15417
0
-13770
-17951
-12308
-1
12307
17950
12307
0
-12308
-17951
-13770
0
15417
17950
5643
-1
10215
17950
10215
0
5643
17950
16879
-1
-16880
-17951
-5644
-1
-10216
-17951
-10216
-1
-5644
-17951
-16880
-1
16879
17950
7106
0
7106
17950
15417
-1
-13770
-17951
-13770
0
15417
17950
5643
0
10215
17950
8753
-1
8753
17950
10215
0
5643
17950
15417
0
-13770
-17951
-12308
-1
12307
17950
12307
0
-12308
-17951
-13770
0
15417
17950
5643
-1
10215
17950
8753
0
8753
17950
8753
-1
8753
17950
8753
0
8753
17950
10215
0
5643
17950
16879
0
-16880
-17951
-7107
-1
-7107
-17951
-15418
0
13769
17950
13769
-1
-15418
-17951
-5644
-1
-10216
-17951
-8754
0
-8754
-17951
-10216
-1
-5644
-17951
-15418
-1
13769
17950
12307
0
-12308
-17951
-12308
-1
12307
17950
13769
-1
-15418
-17951
-5644
0
-10216
-17951
-10216
-1
-5644
-17951
-16880
0
16879
17950
5643
0
10215
17950
10215
0
5643
17950
16879
0
-16880
-17951
-7107
-1
-7107
-17951
-15418
0
13769
17950
13769
-1
-15418
-17951
-7107
0
-7107
-17951
-16880
0
16879
17950
7106
0
7106
17950
15417
0
-13770
-17951
-12308
-1
12307
17950
12307
0
-12308
-17951
-13770
0
15417
17950
5643
-1
10215
17950
8753
0
8753
17950
8753
-1
8753
17950
8753
0
8753
17950
10215
0
5643
17950
16879
0
-16880
-17951
-7107
-1
-7107
-17951
-15418
0
13769
17950
13769
-1
-15418
-17951
-7107
0
-7107
-17951
-16880
0
16879
17950
7106
0
7106
17950
15417
0
-13770
-17951
-12308
-1
12307
17950
12307
0
-12308
-17951
-13770
0
15417
17950
5643
-1
10215
17950
10215
0
5643
17950
16879
-1
-16880
-17951
-5644
-1
-10216
-17951
-10216
-1
-5644
-17951
-16880
-1
16879
17950
7106
0
7106
17950
15417
-1
-13770
-17951
-13770
0
15417
17950
5643
0
10215
17950
8753
-1
8753
17950
10215
0
5643
17950
15417
0
-13770
-17951
-12308
-1
12307
17950
12307
0
-12308
-17951
-13770
0
15417
17950
5643
-1
10215
17950
8753
0
8753
17950
8753
-1
8753
17950
8753
0
8753
17950
10215
0
5643
17950
16879
0
-16880
-17951
-7107
-1
-7107
-17951
-15418
0
13769
17950
13769
-1
-15418
-17951
-5644
-1
-10216
-17951
-8754
0
-8754
-17951
-10216
-1
-5644
-17951
-15418
-1
13769
17950
12307
0
-12308
-17951
-12308
-1
12307
17950
13769
-1
-15418
-17951
-5644
0
-10216
-17951
-10216
-1
-5644
-17951
-16880
0
16879
17950
5643
0
10215
17950
10215
0
5643
17950
16879
0
-16880
-17951
-7107
-1
-7107
-17951
-15418
0
13769
17950
13769
-1
-15418
-17951
-7107
0
-7107
-17951
-16880
0
16879
17950
7106
0
7106
17950
15417
0
-13770
-17951
-12308
-1
12307
17950
12307
0
-12308
-17951
-13770
0
15417
17950
5643
-1
10215
17950
8753
0
8753
17950
8753
-1
8753
17950
8753
0
8753
17950
10215
0
5643
17950
16879
0
-16880
-17951
-7107
-1
-7107
-17951
-15418
0
13769
17950
13769
-1
-15418
-17951
-7107
0
-7107
-17951
-16880
0
16879
17950
7106
0
7106
17950
15417
0
-13770
-17951
-12308
-1
12307
17950
12307
0
-12308
-17951
-13770
0
15417
17950
5643
-1
10215
17950
10215
0
5643
17950
16879
-1
-16880
-17951
-5644
-1
-10216
-17951
-10216
-1
-5644
-17951
-16880
-1
16879
17950
7106
0
7106
17950
15417
-1
-13770
-17951
-13770
0
15417
17950
5643
0
10215
17950
8753
-1
8753
17950
10215
0
5643
17950
15417
0
-13770
-17951
-12308
-1
12307
17950
12307
0
-12308
-17951
-13770
0
15417
17950
5643
-1
10215
17950
8753
0
8753
17950
8753
-1
8753
17950
8753
0
8753
17950
10215
0
5643
17950
16879
0
-16880
-17951
-7107
-1
-7107
-17951
-15418
0
13769
17950
13769
-1
-15418
-17951
-5644
-1
-10216
-17951
-8754
0
-8754
-17951
-10216
-1
-5644
-17951
-15418
-1
13769
17950
12307
0
-12308
-17951
-12308
-1
12307
17950
13769
-1
-15418
-17951
-5644
0
-10216
-17951
-10216
-1
-5644
-17951
-16880
0
16879
17950
5643
0
10215
17950
10215
0
5643
17950
16879
0
-16880
-17951
-7107
-1
-7107
-17951
-15418
0
13769
17950
13769
-1
-15418
-17951
-7107
0
-7107
-17951
-16880
0
16879
17950
7106
0
7106
17950
15417
0
-13770
-17951
-12308
-1
12307
17950
12307
0
-12308
-17951
-13770
0
15417
17950
5643
-1
10215
17950
8753
0
8753
17950
8753
-1
8753
17950
8753
0
8753
17950
10215
0
5643
17950
16879
0
-16880
-17951
-7107
-1
-7107
-17951
-15418
0
13769
17950
13769
-1
-15418
-17951
-7107
0
-7107
-17951
-16880
0
16879
17950
7106
0
7106
17950
15417
0
-13770
-17951
-12308
-1
12307
17950
12307
0
-12308
-17951
-13770
0
15417
17950
5643
-1
10215
17950
10215
0
5643
17950
16879
-1
-16880
-17951
-5644
-1
-10216
-17951
-10216
-1
-5644
-17951
-16880
-1
16879
17950
7106
0
7106
17950
15417
-1
-13770
-17951
-13770
0
15417
17950
5643
0
10215
17950
8753
-1
8753
17950
10215
0
5643
17950
15417
0
-13770
-17951
-12308
-1
12307
17950
12307
0
-12308
-17951
-13770
0
15417
17950
5643
-1
10215
17950
8753
0
8753
17950
8753
-1
8753
17950
8753
0
8753
17950
10215
0
5643
17950
16879
0
-16880
-17951
-7107
-1
-7107
-17951
-15418
0
13769
17950
13769
-1
-15418
-17951
-5644
-1
-10216
-17951
-8754
0
-8754
-17951
-10216
-1
-5644
-17951
-15418
-1
13769
17950
12307
0
-12308
-17951
-12308
-1
12307
17950
13769
-1
-15418
-17951
-5644
0
-10216
-17951
-10216
-1
-5644
-17951
-16880
0
16879
17950
5643
0
10215
17950
10215
0
5643
17950
16879
0
-16880
-17951
-7107
-1
-7107
-17951
-15418
0
13769
17950
13769
-1
-15418
-17951
-7107
0
-7107
-17951
-16880
0
16879
17950
7106
0
7106
17950
15417
0
-13770
-17951
-12308
-1
12307
17950
12307
0
-12308
-17951
-13770
0
15417
17950
5643
-1
10215
17950
8753
0
8753
17950
8753
-1
8753
17950
8753
0
8753
17950
10215
0
5643
17950
16879
0
-16880
-17951
-7107
-1
-7107
-17951
-15418
0
13769
17950
13769
-1
-15418
-17951
-7107
0
-7107
-17951
-16880
0
16879
17950
7106
0
7106
17950
15417
0
-13770
-17951
-12308
-1
12307
17950
12307
0
-12308
-17951
-13770
0
15417
17950
5643
-1
10215
17950
10215
0
5643
17950
16879
-1
-16880
-17951
-5644
-1
-10216
-17951
-10216
-1
-5644
-17951
-16880
-1
16879
17950
7106
0
7106
17950
15417
-1
-13770
-17951
-13770
0
15417
17950
5643
0
10215
17950
8753
-1
8753
17950
10215
0
5643
17950
15417
0
-13770
-17951
-12308
-1
12307
17950
12307
0
-12308
-17951
-13770
0
15417
17950
5643
-1
10215
17950
8753
0
8753
17950
8753
-1
8753
17950
8753
0
8753
17950
10215
0
5643
17950
16879
0
-16880
-17951
-7107
-1
-7107
-17951
-15418
0
13769
17950
13769
-1
-15418
-17951
-5644
-1
-10216
-17951
-8754
0
-8754
-17951
-10216
-1
-5644
-17951
-15418
-1
13769
17950
12307
0
-12308
-17951
-12308
-1
12307
17950
13769
-1
-15418
-17951
-5644
0
-10216
-17951
-10216
-1
-5644
-17951
-16880
0
16879
17950
5643
0
10215
17950
10215
0
5643
17950
16879
0
-16880
-17951
-7107
-1
-7107
-17951
-15418
0
13769
17950
13769
-1
-15418
-17951
-7107
0
-7107
-17951
-16880
0
16879
17950
7106
0
7106
17950
15417
0
-13770
-17951
-12308
-1
12307
17950
12307
0
-12308
-17951
-13770
0
15417
17950
5643
-1
10215
17950
8753
0
8753
17950
8753
-1
8753
17950
8753
0
8753
17950
10215
0
5643
17950
16879
0
-16880
-17951
-7107
-1
-7107
-17951
-15418
0
13769
17950
13769
-1
-15418
-17951
-7107
0
-7107
-17951
-16880
0
16879
17950
7106
0
7106
17950
15417
0
-13770
-17951
-12308
-1
12307
17950
12307
0
-12308
-17951
-13770
0
15417
17950
5643
-1
10215
17950
10215
0
5643
17950
16879
-1
-16880
-17951
-5644
-1
-10216
-17951
-10216
-1
-5644
-17951
-16880
-1
16879
17950
7106
0
7106
17950
15417
-1
-13770
-17951
-13770
0
15417
17950
5643
0
10215
17950
8753
-1
8753
17950
10215
0
5643
17950
15417
0
-13770
-17951
-12308
-1
12307
17950
12307
0
-12308
-17951
-13770
0
15417
17950
5643
-1
10215
17950
8753
0
8753
17950
8753
-1
8753
17950
8753
0
8753
17950
10215
0
5643
17950
16879
0
-16880
-17951
-7107
-1
-7107
-17951
-15418
0
13769
17950
13769
-1
-15418
-17951
-5644
-1
-10216
-17951
-8754
0
-8754
-17951
-10216
-1
-5644
-17951
-15418
-1
13769
17950
12307
0
-12308
-17951
-12308
-1
12307
17950
13769
-1
-15418
-17951
-5644
0
-10216
-17951
-10216
-1
-5644
-17951
-16880
0
16879
17950
5643
0
10215
17950
10215
0
5643
17950
16879
0
-16880
-17951
-7107
-1
-7107
-17951
-15418
0
13769
17950
13769
-1
-15418
-17951
-7107
0
-7107
-17951
-16880
0
16879
17950
7106
0
7106
17950
15417
0
-13770
-17951
-12308
-1
12307
17950
12307
0
-12308
-17951
-13770
0
15417
17950
5643
-1
10215
17950
8753
0
8753
17950
8753
-1
8753
17950
8753
0
8753
17950
10215
0
5643
17950
16879
0
-16880
-17951
-7107
-1
-7107
-17951
-15418
0
13769
17950
13769
-1
-15418
-17951
-7107
0
-7107
-17951
-16880
0
16879
17950
7106
0
7106
17950
15417
0
-13770
-17951
-12308
-1
12307
17950
12307
0
-12308
-17951
-13770
0
15417
17950
5643
-1
10215
17950
10215
0
5643
17950
16879
-1
-16880
-17951
-5644
-1
-10216
-17951
-10216
-1
-5644
-17951
-16880
-1
16879
17950
7106
0
7106
17950
15417
-1
-13770
-17951
-13770
0
15417
17950
5643
0
10215
17950
8753
-1
8753
17950
10215
0
5643
17950
15417
0
-13770
-17951
-12308
-1
12307
17950
12307
0
-12308
-17951
-13770
0
15417
17950
5643
-1
10215
17950
8753
0
8753
17950
8753
-1
8753
17950
8753
0
8753
17950
10215
0
5643
17950
16879
0
-16880
-17951
-7107
-1
-7107
-17951
-15418
0
13769
17950
13769
-1
-15418
-17951
-5644
-1
-10216
-17951
-8754
0
-8754
-17951
-10216
-1
-5644
-17951
-15418
-1
13769
17950
12307
0
-12308
-17951
-12308
-1
12307
17950
13769
-1
-15418
-17951
-5644
0
-10216
-17951
-10216
-1
-5644
-17951
-16880
0
16879
17950
5643
0
10215
17950
10215
0
5643
17950
16879
0
-16880
-17951
-7107
-1
-7107
-17951
-15418
0
13769
17950
13769
-1
-15418
-17951
-7107
0
-7107
-17951
-16880
0
16879
17950
7106
0
7106
17950
15417
0
-13770
-17951
-12308
-1
12307
17950
12307
0
-12308
-17951
-13770
0
15417
17950
5643
-1
10215
17950
8753
0
8753
17950
8753
-1
8753
17950
8753
0
8753
17950
10215
0
5643
17950
16879
0
-16880
-17951
-7107
-1
-7107
-17951
-15418
0
13769
17950
13769
-1
-15418
-17951
-7107
0
-7107
-17951
-16880
0
16879
17950
7106
0
7106
17950
15417
0
-13770
-17951
-12308
-1
12307
17950
12307
0
-12308
-17951
-13770
0
15417
17950
5643
-1
10215
17950
10215
0
5643
17950
16879
-1
-16880
-17951
-5644
-1
-10216
-17951
-10216
-1
-5644
-17951
-16880
-1
16879
17950
7106
0
7106
17950
15417
-1
-13770
-17951
-13770
0
15417
17950
5643
0
10215
17950
8753
-1
8753
17950
10215
0
5643
17950
15417
0
-13770
-17951
-12308
-1
12307
17950
12307
0
-12308
-17951
-13770
0
15417
17950
5643
-1
10215
17950
8753
0
8753
17950
8753
-1
8753
17950
8753
0
8753
17950
10215
0
5643
17950
16879
0
-16880
-17951
-7107
-1
-7107
-17951
-15418
0
13769
17950
13769
-1
-15418
-17951
-5644
-1
-10216
-17951
-8754
0
-8754
-17951
-10216
-1
-5644
-17951
-15418
-1
13769
17950
12307
0
-12308
-17951
-12308
-1
12307
17950
13769
-1
-15418
-17951
-5644
0
-10216
-17951
-10216
-1
-5644
-17951
-16880
0
16879
17950
5643
0
10215
17950
10215
0
5643
17950
16879
0
-16880
-17951
-7107
-1
-7107
-17951
-15418
0
13769
17950
13769
-1
-15418
-17951
-7107
0
-7107
-17951
-16880
0
16879
17950
7106
0
7106
17950
15417
0
-13770
-17951
-12308
-1
12307
17950
12307
0
-12308
-17951
-13770
0
15417
17950
5643
-1
10215
17950
8753
0
8753
17950
8753
-1
8753
17950
8753
0
8753
17950
10215
0
5643
17950
16879
0
-16880
-17951
-7107
-1
-7107
-17951
-15418
0
13769
17950
13769
-1
-15418
-17951
-7107
0
-7107
-17951
-16880
0
16879
17950
7106
0
7106
17950
15417
0
-13770
-17951
-12308
-1
12307
17950
12307
0
-12308
-17951
-13770
0
15417
17950
5643
-1
10215
17950
10215
0
5643
17950
16879
-1
-16880
-17951
-5644
-1
-10216
-17951
-10216
-1
-5644
-17951
-16880
-1
16879
17950
7106
0
7106
17950
15417
-1
-13770
-17951
-13770
0
15417
17950
5643
0
10215
17950
8753
-1
8753
17950
10215
0
5643
17950
15417
0
-13770
-17951
-12308
-1
12307
17950
12307
0
-12308
-17951
-13770
0
15417
17950
5643
-1
10215
17950
8753
0
8753
17950
8753
-1
8753
17950
8753
0
8753
17950
10215
0
5643
17950
16879
0
-16880
-17951
-7107
-1
-7107
-17951
-15418
0
13769
17950
13769
-1
-15418
-17951
-5644
-1
-10216
-17951
-8754
0
-8754
-17951
-10216
-1
-5644
-17951
-15418
-1
13769
17950
12307
0
-12308
-17951
-12308
-1
12307
17950
13769
-1
-15418
-17951
-5644
0
-10216
-17951
-10216
-1
-5644
-17951
-16880
0
16879
17950
5643
0
10215
17950
10215
0
5643
17950
16879
0
-16880
-17951
-7107
-1
-7107
-17951
-15418
0
13769
17950
13769
-1
-15418
-17951
-7107
0
-7107
-17951
-16880
0
16879
17950
7106
0
7106
17950
15417
0
-13770
-17951
-12308
-1
12307
17950
12307
0
-12308
-17951
-13770
0
15417
17950
5643
-1
10215
17950
8753
0
8753
17950
8753
-1
8753
17950
8753
0
8753
17950
10215
0
5643
17950
16879
0
-16880
-17951
-7107
-1
-7107
-17951
-15418
0
13769
17950
13769
-1
-15418
-17951
-7107
0
-7107
-17951
-16880
0
16879
17950
7106
0
7106
17950
15417
0
-13770
-17951
-12308
-1
12307
17950
12307
0
-12308
-17951
-13770
0
15417
17950
5643
-1
10215
17950
10215
0
5643
17950
16879
-1
-16880
-17951
-5644
-1
-10216
-17951
-10216
-1
-5644
-17951
-16880
-1
16879
17950
7106
0
7106
17950
15417
-1
-13770
-17951
-13770
0
15417
17950
5643
0
10215
17950
8753
-1
8753
17950
10215
0
5643
17950
15417
0
-13770
-17951
-12308
-1
12307
17950
12307
0
-12308
-17951
-13770
0
15417
17950
5643
-1
10215
17950
8753
0
8753
17950
8753
-1
8753
17950
8753
0
8753
17950
10215
0
5643
17950
16879
0
-16880
-17951
-7107
-1
-7107
-17951
-15418
0
13769
17950
13769
-1
-15418
-17951
-5644
-1
-10216
-17951
-8754
0
-8754
-17951
-10216
-1
-5644
-17951
-15418
-1
13769
17950
12307
0
-12308
-17951
-12308
-1
12307
17950
13769
-1
-15418
-17951
-5644
0
-10216
-17951
-10216
-1
-5644
-17951
-16880
0
16879
17950
5643
0
10215
17950
10215
0
5643
17950
16879
0
-16880
-17951
-7107
-1
-7107
-17951
-15418
0
13769
17950
13769
-1
-15418
-17951
-7107
0
-7107
-17951
-16880
0
16879
17950
7106
0
7106
17950
15417
0
-13770
-17951
-12308
-1
12307
17950
12307
0
-12308
-17951
-13770
0
15417
17950
5643
-1
10215
17950
8753
0
8753
17950
8753
-1
8753
17950
8753
0
8753
17950
10215
0
5643
17950
16879
0
-16880
-17951
-7107
-1
-7107
-17951
-15418
0
13769
17950
13769
-1
-15418
-17951
-7107
0
-7107
-17951
-16880
0
16879
17950
7106
0
7106
17950
15417
0
-13770
-17951
-12308
-1
12307
17950
12307
0
-12308
-17951
-13770
0
15417
17950
5643
-1
10215
17950
10215
0
5643
17950
16879
-1
-16880
-17951
-5644
-1
-10216
-17951
-10216
-1
-5644
-17951
-16880
-1
16879
17950
7106
0
7106
17950
15417
-1
-13770
-17951
-13770
0
15417
17950
5643
0
10215
17950
8753
-1
8753
17950
10215
0
5643
17950
15417
0
-13770
-17951
-12308
-1
12307
17950
12307
0
-12308
-17951
-13770
0
15417
17950
5643
-1
10215
17950
8753
0
8753
17950
8753
-1
8753
17950
8753
0
8753
17950
10215
0
5643
17950
16879
0
-16880
-17951
-7107
-1
-7107
-17951
-15418
0
13769
17950
13769
-1
-15418
-17951
-5644
-1
-10216
-17951
-8754
0
-8754
-17951
-10216
-1
-5644
-17951
-15418
-1
13769
17950
12307
0
-12308
-17951
-12308
-1
12307
17950
13769
-1
-15418
-17951
-5644
0
-10216
-17951
-10216
-1
-5644
-17951
-16880
0
16879
17950
5643
0
10215
17950
10215
0
5643
17950
16879
0
-16880
-17951
-7107
-1
-7107
-17951
-15418
0
13769
17950
13769
-1
-15418
-17951
-7107
0
-7107
-17951
-16880
0
16879
17950
7106
0
7106
17950
15417
0
-13770
-17951
-12308
-1
12307
17950
12307
0
-12308
-17951
-13770
0
15417
17950
5643
-1
10215
17950
8753
0
8753
17950
8753
-1
8753
17950
8753
0
8753
17950
10215
0
5643
17950
16879
0
-16880
-17951
-7107
-1
-7107
-17951
-15418
0
13769
17950
13769
-1
-15418
-17951
-7107
0
-7107
-17951
-16880
0
16879
17950
7106
0
7106
17950
15417
0
-13770
-17951
-12308
-1
12307
17950
12307
0
-12308
-17951
-13770
0
15417
17950
5643
-1
10215
17950
10215
0
5643
17950
16879
-1
-16880
-17951
-5644
-1
-10216
-17951
-10216
-1
-5644
-17951
-16880
-1
16879
17950
7106
0
7106
17950
15417
-1
-13770
-17951
-13770
0
15417
17950
7106
-1
7106
17950
16879
-1
-16880
-17951
-7107
-1
-7107
-17951
-15418
-1
13769
17950
12307
0
-12308
-17951
-12308
-1
12307
17950
13769
-1
-15418
-17951
-5644
0
-10216
-17951
-8754
-1
-8754
-17951
-8754
0
-8754
-17951
-8754
-1
-8754
-17951
-10216
-1
-5644
-17951
-16880
-1
16879
17950
7106
0
7106
17950
15417
-1
-13770
-17951
-13770
0
15417
17950
5643
0
10215
17950
8753
-1
8753
17950
10215
0
5643
17950
15417
0
-13770
-17951
-12308
-1
12307
17950
12307
0
-12308
-17951
-13770
0
15417
17950
5643
-1
10215
17950
10215
0
5643
17950
16879
-1
-16880
-17951
-5644
-1
-10216
-17951
-10216
-1
-5644
-17951
-16880
-1
16879
17950
7106
0
7106
17950
15417
-1
-13770
-17951
-13770
0
15417
17950
7106
-1
7106
17950
16879
-1
-16880
-17951
-7107
-1
-7107
-17951
-15418
-1
13769
17950
12307
0
-12308
-17951
-12308
-1
12307
17950
13769
-1
-15418
-17951
-5644
0
-10216
-17951
-8754
-1
-8754
-17951
-8754
0
-8754
-17951
-8754
-1
-8754
-17951
-10216
-1
-5644
-17951
-16880
-1
16879
17950
7106
0
7106
17950
15417
-1
-13770
-17951
-13770
0
15417
17950
7106
-1
7106
17950
16879
-1
-16880
-17951
-7107
-1
-7107
-17951
-15418
-1
13769
17950
12307
0
-12308
-17951
-12308
-1
12307
17950
13769
-1
-15418
-17951
-5644
0
-10216
-17951
-10216
-1
-5644
-17951
-16880
0
16879
17950
5643
0
10215
17950
10215
0
5643
17950
16879
0
-16880
-17951
-7107
-1
-7107
-17951
-15418
0
13769
17950
13769
-1
-15418
-17951
-7107
0
-7107
-17951
-16880
0
16879
17950
7106
0
7106
17950
15417
0
-13770
-17951
-12308
-1
12307
17950
12307
0
-12308
-17951
-13770
0
15417
17950
5643
-1
10215
17950
8753
0
8753
17950
8753
-1
8753
17950
8753
0
8753
17950
10215
0
5643
17950
16879
0
-16880
-17951
-7107
-1
-7107
-17951
-15418
0
13769
17950
13769
-1
-15418
-17951
-5644
-1
-10216
-17951
-8754
0
-8754
-17951
-10216
-1
-5644
-17951
-15418
-1
13769
17950
12307
0
-12308
-17951
-12308
-1
12307
17950
13769
-1
-15418
-17951
-5644
0
-10216
-17951
-10216
-1
-5644
-17951
-16880
0
16879
17950
5643
0
10215
17950
10215
0
5643
17950
16879
0
-16880
-17951
-7107
-1
-7107
-17951
-15418
0
13769
17950
13769
-1
-15418
-17951
-5644
-1
-10216
-17951
-8754
0
-8754
-17951
-10216
-1
-5644
-17951
-15418
-1
13769
17950
12307
0
-12308
-17951
-12308
-1
12307
17950
13769
-1
-15418
-17951
-5644
0
-10216
-17951
-8754
-1
-8754
-17951
-8754
0
-8754
-17951
-8754
-1
-8754
-17951
-10216
-1
-5644
-17951
-16880
-1
16879
17950
7106
0
7106
17950
15417
-1
-13770
-17951
-13770
0
15417
17950
7106
-1
7106
17950
16879
-1
-16880
-17951
-7107
-1
-7107
-17951
-15418
-1
13769
17950
12307
0
-12308
-17951
-12308
-1
12307
17950
13769
-1
-15418
-17951
-5644
0
-10216
-17951
-10216
-1
-5644
-17951
-16880
0
16879
17950
5643
0
10215
17950
10215
0
5643
17950
16879
0
-16880
-17951
-7107
-1
-7107
-17951
-15418
0
13769
17950
13769
-1
-15418
-17951
-5644
-1
-10216
-17951
-8754
0
-8754
-17951
-10216
-1
-5644
-17951
-15418
-1
13769
17950
12307
0
-12308
-17951
-12308
-1
12307
17950
13769
-1
-15418
-17951
-5644
0
-10216
-17951
-8754
-1
-8754
-17951
-8754
0
-8754
-17951
-8754
-1
-8754
-17951
-10216
-1
-5644
-17951
-16880
-1
16879
17950
7106
0
7106
17950
15417
-1
-13770
-17951
-13770
0
15417
17950
5643
0
10215
17950
8753
-1
8753
17950
10215
0
5643
17950
15417
0
-13770
-17951
-12308
-1
12307
17950
12307
0
-12308
-17951
-13770
0
15417
17950
5643
-1
10215
17950
10215
0
5643
17950
16879
-1
-16880
-17951
-5644
-1
-10216
-17951
-10216
-1
-5644
-17951
-16880
-1
16879
17950
7106
0
7106
17950
15417
-1
-13770
-17951
-13770
0
15417
17950
7106
-1
7106
17950
16879
-1
-16880
-17951
-7107
-1
-7107
-17951
-15418
-1
13769
17950
12307
0
-12308
-17951
-12308
-1
12307
17950
13769
-1
-15418
-17951
-5644
0
-10216
-17951
-8754
-1
-8754
-17951
-8754
0
-8754
-17951
-8754
-1
-8754
-17951
-10216
-1
-5644
-17951
-16880
-1
16879
17950
7106
0
7106
17950
15417
-1
-13770
-17951
-13770
0
15417
17950
7106
-1
7106
17950
16879
-1
-16880
-17951
-7107
-1
-7107
-17951
-15418
-1
13769
17950
12307
0
-12308
-17951
-12308
-1
12307
17950
13769
-1
-15418
-17951
-5644
0
-10216
-17951
-10216
-1
-5644
-17951
-16880
0
16879
17950
5643
0
10215
17950
10215
0
5643
17950
16879
0
-16880
-17951
-7107
-1
-7107
-17951
-15418
0
13769
17950
13769
-1
-15418
-17951
-5644
-1
-10216
-17951
-8754
0
-8754
-17951
-10216
-1
-5644
-17951
-15418
-1
13769
17950
12307
0
-12308
-17951
-12308
-1
12307
17950
13769
-1
-15418
-17951
-5644
0
-10216
-17951
-8754
-1
-8754
-17951
-8754
0
-8754
-17951
-8754
-1
-8754
-17951
-10216
-1
-5644
-17951
-16880
-1
16879
17950
7106
0
7106
17950
15417
-1
-13770
-17951
-13770
0
15417
17950
5643
0
10215
17950
8753
-1
8753
17950
10215
0
5643
17950
15417
0
-13770
-17951
-12308
-1
12307
17950
12307
0
-12308
-17951
-13770
0
15417
17950
5643
-1
10215
17950
10215
0
5643
17950
16879
-1
-16880
-17951
-5644
-1
-10216
-17951
-10216
-1
-5644
-17951
-16880
-1
16879
17950
7106
0
7106
17950
15417
-1
-13770
-17951
-13770
0
15417
17950
5643
0
10215
17950
8753
-1
8753
17950
10215
0
5643
17950
15417
0
-13770
-17951
-12308
-1
12307
17950
12307
0
-12308
-17951
-13770
0
15417
17950
5643
-1
10215
17950
8753
0
8753
17950
8753
-1
8753
17950
8753
0
8753
17950
10215
0
5643
17950
16879
0
-16880
-17951
-7107
-1
-7107
-17951
-15418
0
13769
17950
13769
-1
-15418
-17951
-7107
0
-7107
-17951
-16880
0
16879
17950
7106
0
7106
17950
15417
0
-13770
-17951
-12308
-1
12307
17950
12307
0
-12308
-17951
-13770
0
15417
17950
5643
-1
10215
17950
10215
0
5643
17950
16879
-1
-16880
-17951
-5644
-1
-10216
-17951
-10216
-1
-5644
-17951
-16880
-1
16879
17950
7106
0
7106
17950
15417
-1
-13770
-17951
-13770
0
15417
17950
7106
-1
7106
17950
16879
-1
-16880
-17951
-7107
-1
-7107
-17951
-15418
-1
13769
17950
12307
0
-12308
-17951
-12308
-1
12307
17950
13769
-1
-15418
-17951
-5644
0
-10216
-17951
-8754
-1
-8754
-17951
-8754
0
-8754
-17951
-8754
-1
-8754
-17951
-10216
-1
-5644
-17951
-16880
-1
16879
17950
7106
0
7106
17950
15417
-1
-13770
-17951
-13770
0
15417
17950
5643
0
10215
17950
8753
-1
8753
17950
10215
0
5643
17950
15417
0
-13770
-17951
-12308
-1
12307
17950
12307
0
-12308
-17951
-13770
0
15417
17950
5643
-1
10215
17950
10215
0
5643
17950
16879
-1
-16880
-17951
-5644
-1
-10216
-17951
-10216
-1
-5644
-17951
-16880
-1
16879
17950
7106
0
7106
17950
15417
-1
-13770
-17951
-13770
0
15417
17950
7106
-1
7106
17950
16879
-1
-16880
-17951
-7107
-1
-7107
-17951
-15418
-1
13769
17950
12307
0
-12308
-17951
-12308
-1
12307
17950
13769
-1
-15418
-17951
-5644
0
-10216
-17951
-8754
-1
-8754
-17951
-8754
0
-8754
-17951
-8754
-1
-8754
-17951
-10216
-1
-5644
-17951
-16880
-1
16879
17950
7106
0
7106
17950
15417
-1
-13770
-17951
-13770
0
15417
17950
7106
-1
7106
17950
16879
-1
-16880
-17951
-7107
-1
-7107
-17951
-15418
-1
13769
17950
12307
0
-12308
-17951
-12308
-1
12307
17950
13769
-1
-15418
-17951
-5644
0
-10216
-17951
-10216
-1
-5644
-17951
-16880
0
16879
17950
5643
0
10215
17950
10215
0
5643
17950
16879
0
-16880
-17951
-7107
-1
-7107
-17951
-15418
0
13769
17950
13769
-1
-15418
-17951
-7107
0
-7107
-17951
-16880
0
16879
17950
7106
0
7106
17950
15417
0
-13770
-17951
-12308
-1
12307
17950
12307
0
-12308
-17951
-13770
0
15417
17950
5643
-1
10215
17950
8753
0
8753
17950
8753
-1
8753
17950
8753
0
8753
17950
10215
0
5643
17950
16879
0
-16880
-17951
-7107
-1
-7107
-17951
-15418
0
13769
17950
13769
-1
-15418
-17951
-5644
-1
-10216
-17951
-8754
0
-8754
-17951
-10216
-1
-5644
-17951
-15418
-1
13769
17950
12307
0
-12308
-17951
-12308
-1
12307
17950
13769
-1
-15418
-17951
-5644
0
-10216
-17951
-10216
-1
-5644
-17951
-16880
0
16879
17950
5643
0
10215
17950
10215
0
5643
17950
16879
0
-16880
-17951
-7107
-1
-7107
-17951
-15418
0
13769
17950
13769
-1
-15418
-17951
-5644
-1
-10216
-17951
-8754
0
-8754
-17951
-10216
-1
-5644
-17951
-15418
-1
13769
17950
12307
0
-12308
-17951
-12308
-1
12307
17950
13769
-1
-15418
-17951
-5644
0
-10216
-17951
-8754
-1
-8754
-17951
-8754
0
-8754
-17951
-8754
-1
-8754
-17951
-10216
-1
-5644
-17951
-16880
-1
16879
17950
7106
0
7106
17950
15417
-1
-13770
-17951
-13770
0
15417
17950
7106
-1
7106
17950
16879
-1
-16880
-17951
-7107
-1
-7107
-17951
-15418
-1
13769
17950
12307
0
-12308
-17951
-12308
-1
12307
17950
13769
-1
-15418
-17951
-5644
0
-10216
-17951
-10216
-1
-5644
-17951
-16880
0
16879
17950
5643
0
10215
17950
10215
0
5643
17950
16879
0
-16880
-17951
-7107
-1
-7107
-17951
-15418
0
13769
17950
13769
-1
-15418
-17951
-7107
0
-7107
-17951
-16880
0
16879
17950
7106
0
7106
17950
15417
0
-13770
-17951
-12308
-1
12307
17950
12307
0
-12308
-17951
-13770
0
15417
17950
5643
-1
10215
17950
8753
0
8753
17950
8753
-1
8753
17950
8753
0
8753
17950
10215
0
5643
17950
16879
0
-16880
-17951
-7107
-1
-7107
-17951
-15418
0
13769
17950
13769
-1
-15418
-17951
-5644
-1
-10216
-17951
-8754
0
-8754
-17951
-10216
-1
-5644
-17951
-15418
-1
13769
17950
12307
0
-12308
-17951
-12308
-1
12307
17950
13769
-1
-15418
-17951
-5644
0
-10216
-17951
-10216
-1
-5644
-17951
-16880
0
16879
17950
5643
0
10215
17950
10215
0
5643
17950
16879
0
-16880
-17951
-7107
-1
-7107
-17951
-15418
0
13769
17950
13769
-1
-15418
-17951
-7107
0
-7107
-17951
-16880
0
16879
17950
7106
0
7106
17950
15417
0
-13770
-17951
-12308
-1
12307
17950
12307
0
-12308
-17951
-13770
0
15417
17950
5643
-1
10215
17950
8753
0
8753
17950
8753
-1
8753
17950
8753
0
8753
17950
10215
0
5643
17950
16879
0
-16880
-17951
-7107
-1
-7107
-17951
-15418
0
13769
17950
13769
-1
-15418
-17951
-7107
0
-7107
-17951
-16880
0
16879
17950
7106
0
7106
17950
15417
0
-13770
-17951
-12308
-1
12307
17950
12307
0
-12308
-17951
-13770
0
15417
17950
5643
-1
10215
17950
10215
0
5643
17950
16879
-1
-16880
-17951
-5644
-1
-10216
-17951
-10216
-1
-5644
-17951
-16880
-1
16879
17950
7106
0
7106
17950
15417
-1
-13770
-17951
-13770
0
15417
17950
5643
0
10215
17950
8753
-1
8753
17950
10215
0
5643
17950
15417
0
-13770
-17951
-12308
-1
12307
17950
12307
0
-12308
-17951
-13770
0
15417
17950
5643
-1
10215
17950
8753
0
8753
17950
8753
-1
8753
17950
8753
0
8753
17950
10215
0
5643
17950
16879
0
-16880
-17951
-7107
-1
-7107
-17951
-15418
0
13769
17950
13769
-1
-15418
-17951
-5644
-1
-10216
-17951
-8754
0
-8754
-17951
-10216
-1
-5644
-17951
-15418
-1
13769
17950
12307
0
-12308
-17951
-12308
-1
12307
17950
13769
-1
-15418
-17951
-5644
0
-10216
-17951
-10216
-1
-5644
-17951
-16880
0
16879
17950
5643
0
10215
17950
10215
0
5643
17950
16879
0
-16880
-17951
-7107
-1
-7107
-17951
-15418
0
13769
17950
13769
-1
-15418
-17951
-5644
-1
-10216
-17951
-8754
0
-8754
-17951
-10216
-1
-5644
-17951
-15418
-1
13769
17950
12307
0
-12308
-17951
-12308
-1
12307
17950
13769
-1
-15418
-17951
-5644
0
-10216
-17951
-8754
-1
-8754
-17951
-8754
0
-8754
-17951
-8754
-1
-8754
-17951
-10216
-1
-5644
-17951
-16880
-1
16879
17950
7106
0
7106
17950
15417
-1
-13770
-17951
-13770
0
15417
17950
7106
-1
7106
17950
16879
-1
-16880
-17951
-7107
-1
-7107
-17951
-15418
-1
13769
17950
12307
0
-12308
-17951
-12308
-1
12307
17950
13769
-1
-15418
-17951
-5644
0
-10216
-17951
-10216
-1
-5644
-17951
-16880
0
16879
17950
5643
0
10215
17950
10215
0
5643
17950
16879
0
-16880
-17951
-7107
-1
-7107
-17951
-15418
0
13769
17950
13769
-1
-15418
-17951
-5644
-1
-10216
-17951
-8754
0
-8754
-17951
-10216
-1
-5644
-17951
-15418
-1
13769
17950
12307
0
-12308
-17951
-12308
-1
12307
17950
13769
-1
-15418
-17951
-5644
0
-10216
-17951
-8754
-1
-8754
-17951
-8754
0
-8754
-17951
-8754
-1
-8754
-17951
-10216
-1
-5644
-17951
-16880
-1
16879
17950
7106
0
7106
17950
15417
-1
-13770
-17951
-13770
0
15417
17950
5643
0
10215
17950
8753
-1
8753
17950
10215
0
5643
17950
15417
0
-13770
-17951
-12308
-1
12307
17950
12307
0
-12308
-17951
-13770
0
15417
17950
5643
-1
10215
17950
10215
0
5643
17950
16879
-1
-16880
-17951
-5644
-1
-10216
-17951
-10216
-1
-5644
-17951
-16880
-1
16879
17950
7106
0
7106
17950
15417
-1
-13770
-17951
-13770
0
15417
17950
7106
-1
7106
17950
16879
-1
-16880
-17951
-7107
-1
-7107
-17951
-15418
-1
13769
17950
12307
0
-12308
-17951
-12308
-1
12307
17950
13769
-1
-15418
-17951
-5644
0
-10216
-17951
-8754
-1
-8754
-17951
-8754
0
-8754
-17951
-8754
-1
-8754
-17951
-10216
-1
-5644
-17951
-16880
-1
16879
17950
7106
0
7106
17950
15417
-1
-13770
-17951
-13770
0
15417
17950
7106
-1
7106
17950
16879
-1
-16880
-17951
-7107
-1
-7107
-17951
-15418
-1
13769
17950
12307
0
-12308
-17951
-12308
-1
12307
17950
13769
-1
-15418
-17951
-5644
0
-10216
-17951
-10216
-1
-5644
-17951
-16880
0
16879
17950
5643
0
10215
17950
10215
0
5643
17950
16879
0
-16880
-17951
-7107
-1
-7107
-17951
-15418
0
13769
17950
13769
-1
-15418
-17951
-7107
0
-7107
-17951
-16880
0
16879
17950
7106
0
7106
17950
15417
0
-13770
-17951
-12308
-1
12307
17950
12307
0
-12308
-17951
-13770
0
15417
17950
5643
-1
10215
17950
8753
0
8753
17950
8753
-1
8753
17950
8753
0
8753
17950
10215
0
5643
17950
16879
0
-16880
-17951
-7107
-1
-7107
-17951
-15418
0
13769
17950
13769
-1
-15418
-17951
-5644
-1
-10216
-17951
-8754
0
-8754
-17951
-10216
-1
-5644
-17951
-15418
-1
13769
17950
12307
0
-12308
-17951
-12308
-1
12307
17950
13769
-1
-15418
-17951
-5644
0
-10216
-17951
-10216
-1
-5644
-17951
-16880
0
16879
17950
5643
0
10215
17950
10215
0
5643
17950
16879
0
-16880
-17951
-7107
-1
-7107
-17951
-15418
0
13769
17950
13769
-1
-15418
-17951
-5644
-1
-10216
-17951
-8754
0
-8754
-17951
-10216
-1
-5644
-17951
-15418
-1
13769
17950
12307
0
-12308
-17951
-12308
-1
12307
17950
13769
-1
-15418
-17951
-5644
0
-10216
-17951
-8754
-1
-8754
-17951
-8754
0
-8754
-17951
-8754
-1
-8754
-17951
-10216
-1
-5644
-17951
-16880
-1
16879
17950
7106
0
7106
17950
15417
-1
-13770
-17951
-13770
0
15417
17950
7106
-1
7106
17950
16879
-1
-16880
-17951
-7107
-1
-7107
-17951
-15418
-1
13769
17950
12307
0
-12308
-17951
-12308
-1
12307
17950
13769
-1
-15418
-17951
-5644
0
-10216
-17951
-10216
-1
-5644
-17951
-16880
0
16879
17950
5643
0
10215
17950
10215
0
5643
17950
16879
0
-16880
-17951
-7107
-1
-7107
-17951
-15418
0
13769
17950
13769
-1
-15418
-17951
-5644
-1
-10216
-17951
-8754
0
-8754
-17951
-10216
-1
-5644
-17951
-16880
0
16879
17950
5643
0
10215
17950
8753
0
8753
17950
8753
0
8753
17950
8753
-1
8753
17950
10215
0
5643
17950
16879
0
-16880
-17951
-7107
-1
-7107
-17951
-16880
0
16879
17950
7106
-1
7106
17950
16879
0
-16880
-17951
-5644
-1
-10216
-17951
-8754
0
-8754
-17951
-8754
-1
-8754
-17951
-8754
-1
-8754
-17951
-10216
-1
-5644
-17951
-16880
0
16879
17950
5643
0
10215
17950
8753
0
8753
17950
8753
0
8753
17950
8753
-1
8753
17950
8753
0
8753
17950
8753
0
8753
17950
10215
0
5643
17950
16879
-1
-16880
-17951
-7107
0
-7107
-17951
-16880
-1
16879
17950
5643
0
10215
17950
8753
-1
8753
17950
10215
0
5643
17950
15417
0
-13770
-17951
-12308
0
12307
17950
12307
0
-12308
-17951
-12308
-1
12307
17950
13769
0
-15418
-17951
-7107
-1
-7107
-17951
-16880
0
16879
17950
7106
-1
7106
17950
15417
0
-13770
-17951
-13770
-1
15417
17950
5643
-1
10215
17950
10215
0
5643
17950
16879
-1
-16880
-17951
-7107
-1
-7107
-17951
-16880
0
16879
17950
7106
0
7106
17950
15417
0
-13770
-17951
-13770
-1
15417
17950
5643
-1
10215
17950
8753
-1
8753
17950
10215
-1
5643
17950
15417
-1
-13770
-17951
-13770
0
15417
17950
5643
-1
10215
17950
8753
0
8753
17950
10215
-1
5643
17950
16879
0
-16880
-17951
-7107
0
-7107
-17951
-15418
0
13769
17950
12307
-1
-12308
-17951
-12308
-1
12307
17950
13769
-1
-15418
-17951
-7107
-1
-7107
-17951
-15418
-1
13769
17950
13769
-1
-15418
-17951
-5644
0
-10216
-17951
-8754
-1
-8754
-17951
-10216
0
-5644
-17951
-15418
-1
13769
17950
12307
0
-12308
-17951
-12308
0
12307
17950
12307
-1
-12308
-17951
-13770
0
15417
17950
7106
-1
7106
17950
16879
-1
-16880
-17951
-7107
-1
-7107
-17951
-16880
-1
16879
17950
5643
-1
10215
17950
8753
0
8753
17950
8753
0
8753
17950
8753
-1
8753
17950
10215
-1
5643
17950
15417
0
-13770
-17951
-13770
0
15417
17950
7106
0
7106
17950
16879
-1
-16880
-17951
-5644
0
-10216
-17951
-8754
-1
-8754
-17951
-8754
-1
-8754
-17951
-8754
0
-8754
-17951
-10216
-1
-5644
-17951
-16880
-1
16879
17950
7106
0
7106
17950
16879
-1
-16880
-17951
-5644
0
-10216
-17951
-10216
0
-5644
-17951
-16880
0
16879
17950
5643
0
10215
17950
10215
-1
5643
17950
15417
-1
-13770
-17951
-13770
-1
15417
17950
7106
-1
7106
17950
16879
0
-16880
-17951
-5644
-1
-10216
-17951
-8754
0
-8754
-17951
-8754
-1
-8754
-17951
-10216
-1
-5644
-17951
-15418
-1
13769
17950
12307
0
-12308
-17951
-12308
-1
12307
17950
12307
0
-12308
-17951
-13770
-1
15417
17950
5643
0
10215
17950
10215
0
5643
17950
15417
0
-13770
-17951
-12308
0
12307
17950
12307
0
-12308
-17951
-12308
0
12307
17950
12307
0
-12308
-17951
-12308
-1
12307
17950
12307
-1
-12308
-17951
-12308
0
12307
17950
13769
0
-15418
-17951
-5644
0
-10216
-17951
-10216
0
-5644
-17951
-16880
0
16879
17950
5643
0
10215
17950
10215
0
5643
17950
16879
0
-16880
-17951
-7107
0
-7107
-17951
-15418
-1
13769
17950
13769
0
-15418
-17951
-5644
0
-10216
-17951
-10216
-1
-5644
-17951
-16880
-1
16879
17950
7106
0
7106
17950
16879
0
-16880
-17951
-5644
0
-10216
-17951
-8754
0
-8754
-17951
-10216
0
-5644
-17951
-16880
-1
16879
17950
7106
-1
7106
17950
15417
0
-13770
-17951
-13770
0
15417
17950
7106
0
7106
17950
15417
0
-13770
-17951
-13770
-1
15417
17950
5643
0
10215
17950
10215
-1
5643
17950
15417
0
-13770
-17951
-13770
0
15417
17950
7106
0
7106
17950
15417
-1
-13770
-17951
-12308
-1
12307
17950
13769
0
-15418
-17951
-7107
0
-7107
-17951
-15418
-1
13769
17950
13769
-1
-15418
-17951
-5644
0
-10216
-17951
-10216
-1
-5644
-17951
-15418
-1
13769
17950
12307
0
-12308
-17951
-13770
0
15417
17950
7106
-1
7106
17950
16879
0
-16880
-17951
-5644
0
-10216
-17951
-8754
-1
-8754
-17951
-8754
0
-8754
-17951
-10216
-1
-5644
-17951
-16880
-1
16879
17950
7106
-1
7106
17950
16879
-1
-16880
-17951
-5644
0
-10216
-17951
-10216
0
-5644
-17951
-16880
0
16879
17950
7106
0
7106
17950
16879
0
-16880
-17951
-7107
-1
-7107
-17951
-16880
-1
16879
17950
5643
-1
10215
17950
8753
-1
8753
17950
10215
-1
5643
17950
15417
0
-13770
-17951
-13770
0
15417
17950
5643
0
10215
17950
10215
0
5643
17950
15417
-1
-13770
-17951
-12308
0
12307
17950
13769
0
-15418
-17951
-5644
-1
-10216
-17951
-8754
0
-8754
-17951
-8754
-1
-8754
-17951
-8754
-1
-8754
-17951
-8754
-1
-8754
-17951
-10216
0
-5644
-17951
-16880
0
16879
17950
7106
-1
7106
17950
15417
-1
-13770
-17951
-13770
-1
15417
17950
5643
-1
10215
17950
10215
-1
5643
17950
15417
0
-13770
-17951
-12308
0
12307
17950
13769
0
-15418
-17951
-7107
0
-7107
-17951
-15418
0
13769
17950
13769
0
-15418
-17951
-5644
0
-10216
-17951
-10216
0
-5644
-17951
-15418
-1
13769
17950
12307
0
-12308
-17951
-13770
-1
15417
17950
5643
0
10215
17950
8753
-1
8753
17950
10215
0
5643
17950
16879
0
-16880
-17951
-7107
0
-7107
-17951
-15418
-1
13769
17950
12307
-1
-12308
-17951
-12308
-1
12307
17950
12307
0
-12308
-17951
-12308
0
12307
17950
12307
0
-12308
-17951
-12308
-1
12307
17950
12307
-1
-12308
-17951
-12308
0
12307
17950
12307
-1
-12308
-17951
-13770
-1
15417
17950
5643
-1
10215
17950
10215
-1
5643
17950
16879
-1
-16880
-17951
-7107
-1
-7107
-17951
-16880
0
16879
17950
7106
-1
7106
17950
16879
-1
-16880
-17951
-7107
-1
-7107
-17951
-16880
-1
16879
17950
7106
-1
7106
17950
16879
-1
-16880
-17951
-7107
0
-7107
-17951
-15418
0
13769
17950
13769
0
-15418
-17951
-5644
-1
-10216
-17951
-10216
-1
-5644
-17951
-16880
-1
16879
17950
5643
-1
10215
17950
10215
-1
5643
17950
15417
0
-13770
-17951
-12308
0
12307
17950
12307
0
-12308
-17951
-13770
0
15417
17950
5643
-1
10215
17950
8753
-1
8753
17950
10215
-1
5643
17950
16879
-1
-16880
-17951
-7107
-1
-7107
-17951
-16880
0
16879
17950
5643
0
10215
17950
8753
0
8753
17950
8753
0
8753
17950
8753
-1
8753
17950
10215
0
5643
17950
16879
0
-16880
-17951
-7107
-1
-7107
-17951
-16880
0
16879
17950
7106
-1
7106
17950
16879
0
-16880
-17951
-5644
-1
-10216
-17951
-8754
0
-8754
-17951
-8754
-1
-8754
-17951
-8754
-1
-8754
-17951
-10216
-1
-5644
-17951
-16880
0
16879
17950
5643
0
10215
17950
8753
0
8753
17950
8753
0
8753
17950
8753
-1
8753
17950
8753
0
8753
17950
8753
0
8753
17950
10215
0
5643
17950
16879
-1
-16880
-17951
-7107
0
-7107
-17951
-16880
-1
16879
17950
5643
0
10215
17950
8753
-1
8753
17950
8753
0
8753
17950
10215
0
5643
17950
15417
-1
-13770
-17951
-12308
-1
12307
17950
12307
0
-12308
-17951
-13770
-1
15417
17950
7106
0
7106
17950
16879
-1
-16880
-17951
-7107
0
-7107
-17951
-15418
-1
13769
17950
13769
0
-15418
-17951
-5644
0
-10216
-17951
-10216
-1
-5644
-17951
-16880
0
16879
17950
7106
0
7106
17950
16879
-1
-16880
-17951
-7107
-1
-7107
-17951
-15418
-1
13769
17950
13769
0
-15418
-17951
-5644
0
-10216
-17951
-8754
0
-8754
-17951
-10216
0
-5644
-17951
-15418
0
13769
17950
13769
-1
-15418
-17951
-5644
0
-10216
-17951
-8754
-1
-8754
-17951
-10216
0
-5644
-17951
-16880
-1
16879
17950
7106
-1
7106
17950
15417
-1
-13770
-17951
-12308
0
12307
17950
12307
0
-12308
-17951
-13770
0
15417
17950
7106
0
7106
17950
15417
0
-13770
-17951
-13770
0
15417
17950
5643
-1
10215
17950
8753
0
8753
17950
10215
-1
5643
17950
15417
0
-13770
-17951
-12308
-1
12307
17950
12307
-1
-12308
-17951
-12308
0
12307
17950
13769
-1
-15418
-17951
-7107
0
-7107
-17951
-16880
0
16879
17950
7106
0
7106
17950
16879
0
-16880
-17951
-5644
0
-10216
-17951
-8754
-1
-8754
-17951
-8754
-1
-8754
-17951
-8754
0
-8754
-17951
-10216
0
-5644
-17951
-15418
-1
13769
17950
13769
-1
-15418
-17951
-7107
-1
-7107
-17951
-16880
0
16879
17950
5643
-1
10215
17950
8753
0
8753
17950
8753
0
8753
17950
8753
-1
8753
17950
10215
0
5643
17950
16879
0
-16880
-17951
-7107
-1
-7107
-17951
-16880
0
16879
17950
5643
-1
10215
17950
10215
-1
5643
17950
16879
-1
-16880
-17951
-5644
-1
-10216
-17951
-10216
0
-5644
-17951
-15418
0
13769
17950
13769
0
-15418
-17951
-7107
0
-7107
-17951
-16880
-1
16879
17950
5643
0
10215
17950
8753
-1
8753
17950
8753
0
8753
17950
10215
0
5643
17950
15417
0
-13770
-17951
-12308
-1
12307
17950
12307
0
-12308
-17951
-12308
-1
12307
17950
13769
0
-15418
-17951
-5644
-1
-10216
-17951
-10216
-1
-5644
-17951
-15418
-1
13769
17950
12307
-1
-12308
-17951
-12308
-1
12307
17950
12307
-1
-12308
-17951
-12308
-1
12307
17950
12307
0
-12308
-17951
-12308
0
12307
17950
12307
-1
-12308
-17951
-13770
-1
15417
17950
5643
-1
10215
17950
10215
-1
5643
17950
16879
-1
-16880
-17951
-5644
-1
-10216
-17951
-10216
-1
-5644
-17951
-16880
-1
16879
17950
7106
-1
7106
17950
15417
0
-13770
-17951
-13770
-1
15417
17950
5643
-1
10215
17950
10215
0
5643
17950
16879
0
-16880
-17951
-7107
-1
-7107
-17951
-16880
-1
16879
17950
5643
-1
10215
17950
8753
-1
8753
17950
10215
-1
5643
17950
16879
0
-16880
-17951
-7107
0
-7107
-17951
-15418
-1
13769
17950
13769
-1
-15418
-17951
-7107
-1
-7107
-17951
-15418
-1
13769
17950
13769
0
-15418
-17951
-5644
-1
-10216
-17951
-10216
0
-5644
-17951
-15418
-1
13769
17950
13769
-1
-15418
-17951
-7107
-1
-7107
-17951
-15418
0
13769
17950
12307
0
-12308
-17951
-13770
-1
15417
17950
7106
-1
7106
17950
15417
0
-13770
-17951
-13770
0
15417
17950
5643
-1
10215
17950
10215
0
5643
17950
15417
0
-13770
-17951
-12308
-1
12307
17950
13769
-1
-15418
-17951
-7107
0
-7107
-17951
-16880
-1
16879
17950
5643
-1
10215
17950
8753
0
8753
17950
8753
-1
8753
17950
10215
0
5643
17950
16879
0
-16880
-17951
-7107
0
-7107
-17951
-16880
0
16879
17950
5643
-1
10215
17950
10215
-1
5643
17950
16879
-1
-16880
-17951
-7107
-1
-7107
-17951
-16880
-1
16879
17950
7106
0
7106
17950
16879
0
-16880
-17951
-5644
0
-10216
-17951
-8754
0
-8754
-17951
-10216
0
-5644
-17951
-15418
-1
13769
17950
13769
-1
-15418
-17951
-5644
-1
-10216
-17951
-10216
-1
-5644
-17951
-15418
0
13769
17950
12307
-1
-12308
-17951
-13770
-1
15417
17950
5643
0
10215
17950
8753
-1
8753
17950
8753
0
8753
17950
8753
0
8753
17950
8753
0
8753
17950
10215
-1
5643
17950
16879
-1
-16880
-17951
-7107
0
-7107
-17951
-15418
0
13769
17950
13769
0
-15418
-17951
-5644
0
-10216
-17951
-10216
0
-5644
-17951
-15418
-1
13769
17950
12307
-1
-12308
-17951
-13770
-1
15417
17950
7106
-1
7106
17950
15417
-1
-13770
-17951
-13770
-1
15417
17950
5643
-1
10215
17950
10215
-1
5643
17950
15417
0
-13770
-17951
-12308
-1
12307
17950
13769
0
-15418
-17951
-5644
-1
-10216
-17951
-8754
0
-8754
-17951
-10216
-1
-5644
-17951
-16880
-1
16879
17950
7106
-1
7106
17950
15417
0
-13770
-17951
-12308
0
12307
17950
12307
0
-12308
-17951
-12308
-1
12307
17950
12307
-1
-12308
-17951
-12308
-1
12307
17950
12307
0
-12308
-17951
-12308
0
12307
17950
12307
-1
-12308
-17951
-12308
0
12307
17950
13769
0
-15418
-17951
-5644
0
-10216
-17951
-10216
0
-5644
-17951
-16880
0
16879
17950
7106
0
7106
17950
16879
-1
-16880
-17951
-7107
0
-7107
-17951
-16880
0
16879
17950
7106
0
7106
17950
16879
0
-16880
-17951
-7107
0
-7107
-17951
-16880
0
16879
17950
7106
-1
7106
17950
15417
-1
-13770
-17951
-13770
-1
15417
17950
5643
0
10215
17950
10215
0
5643
17950
16879
0
-16880
-17951
-5644
0
-10216
-17951
-10216
0
-5644
-17951
-15418
-1
13769
17950
12307
-1
-12308
-17951
-12308
-1
12307
17950
13769
-1
-15418
-17951
-5644
0
-10216
-17951
-8754
0
-8754
-17951
-8754
0
-8754
-17951
-8754
0
-8754
-17951
-10216
-1
-5644
-17951
-16880
0
16879
17950
5643
0
10215
17950
8753
0
8753
17950
8753
0
8753
17950
8753
-1
8753
17950
10215
0
5643
17950
16879
0
-16880
-17951
-7107
-1
-7107
-17951
-16880
0
16879
17950
7106
-1
7106
17950
16879
0
-16880
-17951
-5644
-1
-10216
-17951
-8754
0
-8754
-17951
-8754
-1
-8754
-17951
-8754
-1
-8754
-17951
-10216
-1
-5644
-17951
-16880
0
16879
17950
5643
0
10215
17950
8753
0
8753
17950
8753
0
8753
17950
8753
-1
8753
17950
8753
0
8753
17950
8753
0
8753
17950
10215
0
5643
17950
16879
-1
-16880
-17951
-7107
0
-7107
-17951
-16880
-1
16879
17950
5643
0
10215
17950
8753
-1
8753
17950
8790
0
7979
17950
11361
0
3199
17029
22790
17029
6452
-5677
-13214
-5677
11858
17029
1123
-17030
-18782
-5677
2612
-5677
-19245
-17030
2107
17029
10213
-5677
-7306
5676
17136
17029
10229
5676
6461
5676
-2049
-5677
579
5676
322
-5677
478
17029
27490
17029
-6182
-17030
-6602
5676
-883
-17030
-19444
-5677
9171
17029
16030
5676
-7843
-17030
-15428
-5677
4413
5676
-3892
-17030
-24459
-17030
-17
5676
-2488
-5677
6279
17029
7106
-17030
-29136
-17030
7106
17029
4892
-5677
1387
5676
-7843
-17030
-1248
17029
7826
-17030
-28615
-17030
3412
17029
20384
17029
14202
17029
17657
5676
-12403
-17030
-603
17029
15427
5676
3106
5676
1305
-5677
-3694
5676
14707
17029
11353
5676
1504
-5677
-15510
-17030
-3495
17029
26102
17029
742
-5677
3370
17029
19038
5676
-11742
-17030
-8387
5676
15228
17029
15847
17029
15228
5676
-8850
-17030
-9371
5676
14443
17029
15368
5676
-11338
-17030
-4173
5676
0
-5677
3247
17029
14691
-5677
-22072
-17030
4214
17029
4934
-17030
-26045
-17030
-3248
5676
10890
17029
22292
17029
800
-5677
7040
17029
7502
-5677
-646
17029
24920
17029
3569
-5677
-7784
-5677
-4495
-5677
-6462
-5677
-5999
-5677
-5016
-5677
-7123
-5677
-1
5676
6659
5676
6461
5676
3370
5676
14707
17029
6601
-5677
-7644
-5677
-9568
-17030
-19583
-17030
-15567
-17030
-19120
-17030
-10089
-5677
-6983
-5677
2107
5676
-199
-5677
2386
17029
23012
17029
5998
-5677
-12924
-5677
11717
17029
3106
-5677
4552
17029
10072
-5677
-6785
5676
16153
17029
12278
5676
-984
-5677
-11096
-17030
-20326
-17030
-7585
5676
16293
17029
9649
5676
8568
5676
-6801
-17030
-10676
5676
12981
5676
-9031
-17030
-14386
-5677
1504
5676
10229
17029
20706
17029
8443
5676
12980
17029
9626
5676
13179
17029
5337
-5677
1924
17029
18459
5676
-8106
-17030
-20443
-17030
-9832
-5677
-9832
-17030
-20443
-17030
-7644
5676
18401
17029
2989
-5677
462
5676
-2586
-17030
-19707
-5677
7826
5676
-9693
-17030
-2828
17029
22491
17029
12336
5676
-7925
-17030
-9371
5676
13981
17029
15427
5676
-11478
-17030
-1265
17029
21367
17029
16772
17029
8509
-5677
-15170
-17030
-16574
-17030
-18740
-17030
-9090
5676
18863
17029
3452
-5677
404
5676
-2446
-17030
-21690
-17030
-14584
-17030
-19120
-17030
-11535
-5677
-3892
-5677
-7123
-5677
-1124
5676
14046
17029
15186
17029
23275
17029
-4678
-17030
-5619
5676
-4957
-17030
-8106
5676
1586
-5677
661
5676
-6140
-17030
-8709
5676
9030
5676
9187
17029
16352
5676
-7263
-17030
-17014
-5677
9891
17029
9370
-5677
-16411
-17030
-10692
-5677
-3892
-5677
-7966
-5677
-2446
-5677
-14245
-17030
-7123
5676
10154
5676
2064
5676
10675
5676
-9172
-17030
-7726
5676
8568
5676
9649
17029
15831
5676
-6140
-17030
-22954
-17030
-3312
5676
2107
-5677
-5719
5676
17335
17029
6461
-5677
-6843
5676
19905
17029
-3355
-17030
-11816
-5677
-12800
-17030
-2231
17029
14427
-5677
-19642
-17030
-1645
17029
26764
17029
-4274
-17030
-10875
5676
14948
5676
-11197
-17030
-7644
5676
7305
-5677
-18782
-17030
-3107
5676
1586
-5677
-2026
5676
3231
-5677
-10692
-17030
-23996
-17030
4876
17029
3231
-17030
-19444
-5677
6445
5676
1139
5676
17739
17029
-2166
-17030
-9031
5676
2149
-17030
-28474
-17030
6585
17029
5354
-5677
1387
5676
-8305
-17030
-264
17029
7106
-17030
-23980
-5677
15411
17029
-925
-17030
-12057
5676
16352
17029
14906
5676
-10875
-17030
-5156
5676
1644
-5677
-1967
5676
2569
-5677
-7123
-5677
-6198
-5677
602
5676
1785
-5677
-10230
-17030
-24459
-17030
5859
17029
2048
-17030
-13825
5676
15873
5676
-11139
-17030
-7784
5676
9288
5676
5015
5676
3832
5676
14244
17029
6659
-5677
-7784
-5677
-6660
-5677
2247
5676
-3950
-17030
-20302
-17030
-15104
-17030
-18459
-17030
-15567
-17030
-20244
-17030
-4091
5676
5155
5676
15632
17029
1924
-5677
8626
17029
-603
-17030
-4215
17029
17277
5676
3247
5676
-2586
-17030
-22954
-17030
-5478
5676
10353
5676
-4075
-5677
3354
5676
-2629
-5677
7725
17029
3693
-17030
-23276
-17030
-13741
-17030
-17600
-5677
11799
17029
4031
-5677
5278
17029
11675
5676
15228
17029
-3290
-17030
-2371
17029
8809
-17030
-29136
-17030
3553
17029
17476
5676
-6240
-5677
4015
5676
-5941
-17030
-13783
-5677
-5074
-5677
1264
5676
-2967
-17030
-22814
-17030
-7139
-5677
-10998
-5677
11337
17029
-199
-17030
-7768
17029
28532
17029
-646
-5677
4816
17029
16410
5676
-2108
-5677
-9693
-5677
6181
5676
-11197
-17030
1586
17029
5139
-17030
-19766
-5677
1166
-5677
-14245
-17030
-10272
5676
19120
17029
924
-17030
-21088
-5677
15873
17029
-3876
-17030
-5735
5676
-4091
-17030
-9353
5676
2553
-17030
-28070
-17030
6726
17029
2446
-17030
-20905
-17030
-18939
-17030
661
17029
14847
5676
5419
5676
-1183
-5677
1644
5676
-5941
-17030
-13725
-5677
-6140
-5677
5214
17029
15228
5676
2246
5676
11013
17029
21425
17029
3891
-5677
-3232
5676
8825
5676
58
-5677
-9429
-5677
5214
17029
18518
5676
-11999
-17030
-3232
17029
25177
17029
2445
-5677
-3893
5676
14824
17029
12658
5676
1263
5676
15228
17029
5734
-5677
-6801
-5677
-8768
-5677
7982
17029
5660
-17030
-28211
-17030
6123
17029
6999
-5677
-7123
-5677
-13403
-17030
-1587
17029
20384
17029
17814
17029
6320
-5677
-4818
5676
14765
17029
13261
5676
-2166
-5677
-5478
-5677
-9510
-17030
-21889
-17030
-3950
5676
2909
-5677
-12138
-17030
-21046
-17030
-463
17029
22953
17029
9451
5676
5940
5676
2165
-5677
-14187
-17030
-14187
-5677
2165
5676
5477
5676
9509
17029
23275
17029
2386
-5677
-463
5676
-942
-17030
-25442
-17030
-2247
5676
-801
-17030
-27087
-17030
6585
17029
6779
-5677
-2337
5676
163
-17030
-25740
-17951
-4778
-1
-8082
-17951
-16187
0
16879
17950
5643
0
10215
17950
8753
0
8753
17950
8753
0
8753
17950
8753
-1
8753
17950
10215
0
5643
17950
16879
0
-16880
-17951
-7107
-1
-7107
-17951
-16880
0
16879
17950
7106
-1
7106
17950
16879
0
-16880
-17951
-5644
-1
-10216
-17951
-8754
0
-8754
-17951
-8754
-1
-8754
-17951
-8754
-1
-8754
-17951
-10216
-1
-5644
-17951
-16880
0
16879
17950
5643
0
10215
17950
8753
0
8753
17950
8753
0
8753
17950
8753
-1
8753
17950
8753
0
8753
17950
8753
0
8753
17950
10215
0
5643
17950
16879
-1
-16880
-17951
-7107
0
-7107
-17951
-16880
-1
16879
17950
5643
0
10215
17950
8753
-1
8753
17950
10178
0
5492
17950
17162
0
-16582
-17030
-4576
5676
174
-17030
-26856
-17030
4618
17029
10031
-5677
-14766
-17030
-18014
-17030
-7907
5676
12923
5676
-10272
-17030
-6660
5676
5198
-5677
-12122
-5677
4999
5676
-4016
-5677
9030
17029
4494
-5677
6139
17029
2628
-17030
-15832
-5677
-5215
-5677
5817
17029
11278
-5677
-16874
-17030
-11155
-5677
-2908
-5677
-9611
-5677
4618
5676
-7445
-17030
-10692
-5677
-14245
-17030
1123
17029
9633
-5677
-5058
5676
7568
-5677
-18782
-17030
-2446
5676
-3429
-17030
-16271
-5677
-397
-5677
-12981
-17030
-16749
-17030
-18658
-17030
-8965
-5677
-12056
-17030
-11073
-5677
-9627
-17030
-14626
-5677
-1784
-5677
-12601
-17030
-15369
-5677
7643
17029
19722
17029
14524
17029
21689
17029
2503
-5677
842
5676
-2108
-5677
7262
17029
2768
-17030
-20385
-17030
-19460
-17030
1264
17029
10494
-5677
-14245
-17030
-19138
-17030
-3355
17029
28151
17029
-7364
-17030
-662
17029
12841
-5677
-14692
-5677
5057
5676
-1124
-5677
941
17029
26565
17029
-3753
-17030
-11800
5676
15469
5676
-13246
-17030
-1124
17029
17856
5676
-646
5676
14104
17029
14104
5676
-1108
5676
19765
17029
-5661
-17030
-463
17029
6643
-17030
-21873
-5677
8230
5676
-8370
-17030
-13262
-5677
-4231
-5677
2527
17029
25002
17029
-1505
-17030
-19460
-17030
-17153
-17030
-10874
-5677
-10411
-17030
-16749
-17030
-20302
-17030
-2768
5676
-2504
-17030
-18378
-5677
7246
5676
-6983
-17030
-13841
-5677
-2967
-5677
-5396
-5677
-10610
-17030
-18195
-17030
-16550
-17030
-17475
-17030
-16228
-17030
-15287
-5677
10757
17029
7204
-5677
-7644
-5677
-9709
-17030
-16154
-5677
5139
5676
-2951
-5677
3032
5676
-6660
-17030
-7644
5676
3231
-5677
-5537
-5677
-13841
-17030
-5338
5676
-801
-17030
-23996
-17030
-4091
5676
9370
5676
-1505
-5677
-6140
-5677
-6081
-5677
-2049
5676
12658
17029
18598
17029
14583
17029
22210
17029
1783
-5677
4552
17029
10933
-5677
-15369
-17030
-15428
-5677
11015
17029
3172
-17030
-24517
-17030
-7403
-5677
-10956
-17030
-16411
-5677
8708
17029
15368
5676
-2828
-5677
-1645
5676
10874
5676
-8106
-17030
-13783
-5677
-3371
-5677
-6924
-5677
-6140
-5677
-1124
5676
13062
17029
17293
17029
15690
5676
-9892
-17030
-7123
5676
4876
-5677
-13642
-17030
-20244
-17030
-7403
-5677
-14766
-17030
-580
17029
17417
5676
-1967
-5677
-11816
-17030
-13725
-5677
1123
5676
6800
5676
2370
-5677
-11396
-5677
10816
17029
1322
-17030
-19922
-17030
-20385
-17030
1843
17029
9229
-5677
-5397
5676
14046
17029
19921
17029
5015
-5677
-6801
-5677
-7123
-5677
860
5676
-1000
-17030
-28012
-17030
8288
17029
-1909
-17030
-4215
17029
18582
5676
4047
17029
26829
17029
-5199
-17030
-6660
5676
-1264
-17030
-22152
-17030
-15707
-17030
-13122
-5677
1527
5676
6742
5676
2569
-5677
-14907
-17030
-7123
5676
10816
5676
-3413
-5677
-2124
-5677
-16353
-17030
661
17029
11337
-5677
-12784
-5677
3412
5676
4090
5676
12600
17029
12600
5676
4552
5676
1504
-5677
-9172
-5677
58
5676
8105
5676
2386
5676
13782
17029
8164
-5677
-11016
-5677
5477
17029
22690
17029
462
-17030
-24599
-17030
-1404
5676
-785
-5677
-59
5676
1387
-5677
-1505
5676
3693
-5677
-13122
-17030
-19261
-17030
-10956
-5677
-5016
-5677
-2629
5676
15632
17029
10170
5676
7643
5676
-5818
-17030
-13709
5676
21608
17029
-5140
-17030
-4356
17029
24317
17029
13078
17029
20185
17029
8105
-5677
-17278
-17030
-8989
-5677
-13063
-17030
-7181
5676
8650
5676
6742
5676
-4091
-17030
-21830
-17030
-9047
-5677
-7445
-5677
2048
5676
-59
-5677
-521
5676
2569
-5677
-8569
-5677
-3570
-5677
-9031
-5677
4015
5676
-3150
-5677
7262
17029
5198
-17030
-25120
-17030
-5478
5676
12056
5676
-10413
-17030
-4215
17029
27548
17029
-704
-5677
6402
17029
10412
-5677
-15633
-17030
-17493
-17030
-9552
5676
19525
17029
-1563
-17030
-14766
-5677
-6882
-17030
-21830
-17030
-7644
5676
18401
17029
2527
-5677
983
5676
-4173
-17030
-12321
5676
17476
17029
7321
-5677
-15106
-17030
-9230
5676
18658
17029
-59
-17030
-19444
-5677
8347
5676
-10618
-17030
-2307
17029
20904
17029
18797
17029
4154
-5677
1982
17029
19501
5676
-12263
-17030
-6801
5676
9229
5676
3709
5676
4015
-5677
-15890
-17030
-5537
5676
4355
-5677
-13180
-17030
-18857
-17030
-9428
-5677
-10411
-17030
-17733
-17030
-17733
-17030
-10411
-5677
-8503
-17030
-20823
-17030
-8965
-5677
-9428
-17030
-20765
-17030
-9568
-5677
-5537
-5677
-580
5676
7262
5676
2628
-5677
-16493
-17030
-662
17029
21507
17029
11815
5676
-4893
-17030
-19848
-5677
14023
17029
-3033
-17030
-4414
17029
22813
17029
16830
17029
7386
-5677
-9230
-5677
-4296
-5677
-9047
-17030
-25905
-17030
8230
17029
-3413
-17030
0
17029
2950
-17030
-7247
17029
23796
17029
14781
17029
14368
5676
-125
5676
16931
17029
-141
-17030
-14428
5676
20625
17029
-1
-17030
-21088
-5677
15411
17029
-1967
-17030
-9810
5676
6784
-5677
-14105
-17030
-18857
-17030
-10353
-5677
-8907
-17030
-21889
-17030
-4091
5676
7262
5676
7064
5676
-720
-5677
-1446
5676
4735
-5677
-17278
-17030
-5156
5676
7584
5676
9187
17029
17798
5676
-10354
-17030
-7784
5676
10353
5676
-1768
-5677
-10171
-17030
-21971
-17030
0
17029
21507
17029
11616
5676
-1323
-5677
-1124
5676
7321
5676
2569
-5677
-17799
-17030
-1404
5676
-8048
-17030
-2108
17029
15690
5676
8584
17029
15029
5676
2907
5676
6659
5676
2165
-5677
-15369
-17030
-8048
5676
12320
5676
-6644
-5677
10476
17029
3106
-5677
7180
17029
1767
-17030
-9677
17029
30639
17029
-8693
-17030
-802
17029
16211
5676
5692
17029
20690
5676
-14428
-17030
1644
17029
5917
-17030
-26045
-17030
-3769
5676
13402
17029
13864
5676
-4715
-17030
-23786
-17030
-101
5676
-7801
-17951
-10496
-1
-5190
-17951
-17112
0
16879
17950
5643
0
10215
17950
8753
0
8753
17950
8753
0
8753
17950
8753
-1
8753
17950
10215
0
5643
17950
16879
0
-16880
-17951
-7107
-1
-7107
-17951
-16880
0
16879
17950
7106
-1
7106
17950
16879
0
-16880
-17951
-5644
-1
-10216
-17951
-8754
0
-8754
-17951
-8754
-1
-8754
-17951
-8754
-1
-8754
-17951
-10216
-1
-5644
-17951
-16880
0
16879
17950
5643
0
10215
17950
8753
0
8753
17950
8753
0
8753
17950
8753
-1
8753
17950
8753
0
8753
17950
8753
0
8753
17950
10215
0
5643
17950
16879
-1
-16880
-17951
-7107
0
-7107
-17951
-16880
-1
16879
17950
5643
0
10215
17950
8753
-1
8753
17950
9715
0
6475
17950
14593
0
-9402
-5677
2869
5676
-934
-5677
-1818
5676
7906
5676
7138
17029
25441
17029
-4877
-17030
-5140
17029
23054
5676
-15412
-17030
462
17029
13965
-5677
-20889
-17030
-3049
5676
2165
-5677
-4736
5676
14707
17029
14707
5676
-5661
-5677
4595
5676
-8247
-17030
-3612
17029
20045
5676
-8627
-17030
-20905
-17030
-7403
-5677
-13642
-17030
-7966
5676
7767
-5677
-18981
-17030
924
17029
17938
5676
-5058
-5677
-2586
-5677
-14187
-17030
-7585
5676
9229
5676
4956
5676
4031
5676
11659
5676
-13246
-17030
4074
17029
0
-17030
-4075
17029
12320
-5677
-10155
-5677
-6338
-5677
5214
17029
15889
5676
-2769
-5677
-3232
5676
16873
17029
4031
-5677
-1645
5676
3553
-5677
-10015
-5677
-1925
-5677
-13783
-17030
-8165
5676
11477
5676
-6462
-17030
-20121
-17030
-9031
5676
21029
17029
-6240
-17030
462
17029
6181
-17030
-20889
-5677
6123
5676
-785
-5677
-7123
-5677
-5156
-5677
-3033
5676
14765
17029
11476
5676
7923
17029
22871
17029
2503
-5677
-802
5676
3627
5676
15948
17029
-1786
-17030
-6322
17029
25640
17029
5015
-5677
-13445
-5677
12899
17029
-2049
-17030
-5860
17029
25383
17029
7799
5676
4337
-5677
-19385
-17030
4735
17029
198
-17030
-9693
5676
2950
-5677
2445
17029
19722
17029
19722
17029
3832
-5677
-1388
5676
-421
-17030
-27491
-17030
4735
17029
8767
-5677
-6381
5676
16615
17029
12278
5676
-984
-5677
-10171
-17030
-22293
-17030
-2446
5676
-381
-5677
140
5676
-3049
-17030
-17939
-5677
8568
17029
19400
17029
12079
5676
-1587
-5677
-5560
-5677
-7263
-5677
3048
17029
24598
17029
-2108
-17030
-16031
-5677
2165
5676
7783
5676
-3091
-5677
1966
5676
-1124
-5677
3106
17029
17856
5676
-5339
-5677
3891
17029
23995
17029
1924
-5677
-1587
5676
3670
-5677
-11279
-5677
5536
17029
21425
17029
8906
5676
10814
17029
19260
17029
11874
5676
-5098
-17030
-22632
-17030
-984
17029
24739
17029
-1967
-17030
-20525
-17030
-11758
-5677
3768
17029
24399
17029
279
-5677
7906
17029
6197
-5677
-925
5676
-4694
-17030
-11601
5676
13303
5676
-6124
-5677
7444
17029
12658
5676
10492
17029
12600
5676
6197
5676
-4694
-17030
-18261
-5677
6380
5676
-6660
-17030
-13304
5676
22996
17029
-6182
-17030
-2108
17029
13362
-5677
-14832
-5677
8890
17029
18276
17029
16830
17029
9610
-5677
-17617
-17030
-2570
17029
25318
17029
-1183
-17030
-19642
-5677
13040
17029
2107
-17030
-22534
-5677
16857
17029
-5462
-17030
-199
17029
7643
-5677
4090
17029
7906
-5677
1461
17029
16873
5676
-1124
-5677
-10413
-5677
10353
17029
2247
-17030
-22351
-17030
-14262
-17030
-15551
-5677
4355
5676
-4091
-17030
-18981
-5677
11858
17029
7122
-5677
-6381
5676
18260
17029
4230
-5677
-5215
-5677
-14245
-17030
-4817
5676
-1983
-17030
-18841
-5677
7709
5676
-8891
-17030
-10230
-5677
-13320
-17030
-1306
17029
14831
-5677
-20485
-17030
-2908
5676
-743
-17030
-27028
-17030
4536
17029
13724
5676
7542
17029
19706
5676
-12784
-17030
-4957
5676
-1404
-17030
-20427
-5677
11799
17029
8708
-5677
-13304
-5677
7627
5676
-10214
-17030
-1967
17029
13965
-5677
-18460
-17030
-8247
5676
19443
17029
882
-5677
7064
17029
5198
-17030
-25384
-17030
-8527
-5677
-6403
-5677
-1183
5676
12541
17029
18938
17029
9089
-5677
-19063
-17030
579
17029
16410
5676
-646
5676
16475
17029
8584
5676
13319
17029
2025
-17030
-18601
-5677
6659
17029
23211
17029
-2307
-17030
-11537
5676
18459
17029
6279
-5677
-15229
-17030
-14203
-17030
-22351
-17030
1264
17029
12923
-5677
-18981
-17030
-4694
5676
9229
5676
1602
5676
11196
5676
-10296
-17030
-2711
17029
21425
17029
17615
17029
8848
5676
14303
17029
579
-17030
-16493
-5677
-463
5676
17476
17029
-3150
-17030
-7123
5676
-479
-17030
-19303
-5677
5338
5676
-2908
-17030
-26566
-17030
6643
17029
4230
-5677
5477
17029
7906
-5677
1924
17029
15889
5676
520
-5677
-17477
-17030
3090
17029
7725
-5677
-2026
5676
-2908
-17030
-19665
-17030
-19864
-17030
-925
17029
21829
17029
14524
17029
19582
17029
11072
5676
3949
5676
6057
5676
5536
5676
4090
5676
8164
5676
-3173
-5677
4412
17029
20243
17029
16169
17029
14046
5676
-3033
-5677
-3049
-5677
-15229
-17030
-5338
5676
-1264
-17030
-22550
-17030
-7181
5676
17675
17029
-1
-17030
-18138
-5677
8626
17029
19921
17029
9509
5676
7906
5676
-2108
-5677
661
5676
-3833
-17030
-20385
-17030
-13320
-5677
8849
17029
8386
-5677
-12800
-17030
-21971
-17030
2165
17029
12799
5676
10492
17029
11997
5676
11534
17029
11476
5676
10691
17029
10213
-5677
-17740
-17030
-10113
-5677
-7065
-5677
4494
17029
20846
17029
12600
5676
-2307
-5677
-463
5676
2827
-5677
-13262
-17030
-15890
-5677
9428
17029
9692
-5677
-14428
-5677
11717
17029
5073
-5677
800
17029
23796
17029
8121
5676
7444
5676
-1124
-5677
-2371
5676
6643
-5677
-21352
-17030
7106
17029
-2430
-17030
-59
17029
2569
-17030
-9494
5676
-1603
-17030
-12784
5676
17277
17029
12278
5676
-1183
-5677
-7065
-5677
-3049
-5677
-11197
-5677
10816
17029
2048
-17030
-17395
-5677
124
-5677
-13906
-17030
-17153
-17030
-18277
-17030
-8106
5676
15368
17029
13062
5676
1725
5676
15690
17029
4751
-5677
-5619
-5677
-15311
-17030
58
17029
13782
5676
10492
17029
11476
5676
13121
17029
5477
-5677
-1446
5676
-2850
-17030
-20847
-17030
-13783
-5677
9370
17029
8187
-5677
-9289
-5677
-3570
-5677
-5999
-5677
-6520
-5677
-4354
-5677
-10692
-17030
-16411
-5677
8907
17029
10874
-5677
-18659
-17030
-662
17029
23211
17029
4552
-5677
-9107
-5677
4552
17029
23673
17029
-2108
-17030
-16031
-5677
1703
5676
7842
5676
-1844
-5677
2886
17029
24287
17029
179
-17030
-24955
-17951
-4719
-1
-8544
-17951
-16187
0
16879
17950
5643
0
10215
17950
8753
0
8753
17950
8753
0
8753
17950
8753
-1
8753
17950
10215
0
5643
17950
16879
0
-16880
-17951
-7107
-1
-7107
-17951
-16880
0
16879
17950
7106
-1
7106
17950
16879
0
-16880
-17951
-5644
-1
-10216
-17951
-8754
0
-8754
-17951
-8754
-1
-8754
-17951
-8754
-1
-8754
-17951
-10216
-1
-5644
-17951
-16880
0
16879
17950
5643
0
10215
17950
8753
0
8753
17950
8753
0
8753
17950
8753
-1
8753
17950
8753
0
8753
17950
8753
0
8753
17950
10215
0
5643
17950
16879
-1
-16880
-17951
-7107
0
-7107
-17951
-16880
-1
16879
17950
5643
0
10215
17950
8753
-1
8753
17950
8790
0
9367
17950
8874
0
8075
17029
5901
-17030
-28020
-17030
935
5676
-6462
-17030
-9810
5676
11278
5676
602
-5677
-15229
-17030
-8064
-5677
-14766
-17030
-843
17029
14369
-5677
-20427
-17030
-3049
5676
1703
-5677
-4215
5676
13583
17029
19260
17029
9567
5676
8427
5676
-4215
-5677
6858
17029
6643
-17030
-29194
-17030
5859
17029
6321
-17030
-29715
-17030
8692
17029
1264
-17030
-16271
-5677
-6478
-17030
-21169
-17030
-12138
-5677
3032
5676
2989
5676
16756
17029
-1446
-17030
-12279
-5677
-13262
-17030
-323
17029
11278
-5677
-10272
-5677
-4091
-5677
-4817
-5677
-12138
-17030
-14708
-5677
3090
5676
4031
5676
12137
17029
15029
5676
-646
5676
18781
17029
-3091
-17030
-8569
5676
241
-17030
-23938
-17030
-6198
5676
16030
17029
7526
-5677
-10934
-5677
4214
5676
-3892
-17030
-22410
-17030
-8907
-5677
-8444
-17030
-23856
-17030
586
5676
-7503
-17030
-6058
5676
-1983
-17030
-16212
-5677
-2908
-5677
-5941
-5677
-7784
-5677
5477
17029
20384
17029
12137
5676
-2711
-5677
380
5676
4090
5676
14707
17029
3569
-5677
2429
5676
-8768
-17030
140
17029
6263
-17030
-24781
-17030
-13079
-17030
-20186
-17030
-7181
5676
14847
17029
14649
5676
-4736
-5677
3611
5676
-7065
-17030
-10155
5676
11659
5676
941
5676
14707
17029
7180
-5677
-10296
-5677
842
5676
11154
17029
19863
17029
8047
-5677
-16353
-17030
-9047
-5677
-12923
-17030
-11014
-5677
-11676
-17030
-7644
5676
8246
5676
7584
5676
-3753
-5677
7180
17029
9551
-5677
-8289
5676
18980
17029
520
-17030
-20105
-5677
11858
17029
8246
-5677
-13304
-5677
8089
5676
-12585
-17030
3090
17029
983
-17030
-6124
17029
19765
5676
-183
5676
12137
17029
17856
5676
-13907
-17030
1504
17029
8825
-5677
-4678
5676
7444
5676
12137
17029
10691
5676
9089
5676
-10354
-17030
-463
17029
11337
-5677
-11660
-5677
-3049
-5677
-6602
-5677
-2166
5676
13922
17029
11138
-5677
-20626
-17030
4677
17029
4355
-17030
-24318
-17030
-13079
-17030
-19261
-17030
-9148
5676
19062
17029
-521
-17030
-16552
-5677
2165
5676
8304
5676
-3753
-5677
6461
17029
14707
5676
2585
5676
4074
-5677
-15369
-17030
-9031
5676
13502
5676
-11800
-17030
-1323
17029
20442
17029
18335
17029
4213
-5677
1842
17029
22409
17029
9567
5676
4816
5676
5734
5676
3149
-5677
-17014
-17030
-984
17029
19583
5676
-11197
-17030
-12279
-5677
-4436
-5677
-1645
5676
10170
17029
24920
17029
-6785
-17030
1305
17029
6659
-5677
3768
17029
5982
-17030
-21551
-5677
11799
17029
7982
-5677
-14444
-17030
-15832
-5677
11858
17029
3973
-5677
3510
17029
13766
-5677
-19906
-17030
-3107
5676
2247
-5677
-7041
-5677
-11014
-17030
-17095
-17030
-20847
-17030
0
17029
20384
17029
18540
17029
8848
5676
15228
17029
-925
-17030
-13725
-5677
-11617
-17030
-6924
5676
3494
-5677
-5521
5676
13766
5676
-12263
-17030
-141
17029
15690
5676
7080
17029
17798
5676
-9172
-17030
-13923
-5677
1123
5676
7924
5676
-5016
-17030
-21046
-17030
-7123
5676
16492
17029
5155
-5677
-5876
-5677
-9693
-5677
10412
17029
462
-17030
-11396
5676
10874
5676
1644
-5677
-17073
-17030
1123
17029
12461
-5677
-18782
-17030
-9188
-5677
-7065
-5677
4956
17029
20325
17029
13724
5676
-7322
-17030
-14245
-5677
-3172
-5677
-10956
-17030
-21104
-17030
-1042
17029
25664
17029
-2951
-17030
-17030
-17030
-22755
-17030
5859
17029
-580
-17030
-4596
17029
16336
-5677
-20427
-17030
-3628
5676
4355
-5677
-14163
-17030
-17212
-17030
-16954
-17030
-16691
-17030
-15750
-5677
11741
17029
5559
-5677
-1505
5676
-17
-17030
-26830
-17030
1628
5676
-9552
-17030
-521
17029
11600
-5677
-8090
5676
15674
5676
-14692
-17030
4074
17029
1445
-17030
-7165
17029
22012
5676
-11139
-17030
-12998
-5677
1123
5676
7924
5676
-3628
-17030
-23996
-17030
-1264
5676
-3892
-17030
-17857
-5677
6585
5676
-2951
-5677
1586
5676
-3570
-17030
-16874
-5677
2768
5676
4214
-5677
-18981
-17030
3553
17029
7783
-5677
-3554
5676
2950
-5677
-4157
5676
13121
17029
19260
17029
9567
5676
8427
5676
-4215
-5677
6858
17029
6643
-17030
-29194
-17030
5859
17029
6321
-17030
-29715
-17030
8692
17029
1264
-17030
-16271
-5677
-6478
-17030
-21169
-17030
-12138
-5677
3032
5676
2989
5676
16756
17029
-1446
-17030
-12279
-5677
-13262
-17030
-323
17029
11278
-5677
-10272
-5677
-4091
-5677
-4817
-5677
-12138
-17030
-14708
-5677
3090
5676
4031
5676
12137
17029
15029
5676
-646
5676
18781
17029
-3091
-17030
-8569
5676
241
-17030
-23938
-17030
-6198
5676
16030
17029
7526
-5677
-10934
-5677
4214
5676
-3892
-17030
-22410
-17030
-8907
-5677
-8444
-17030
-23856
-17030
586
5676
-7503
-17030
-6058
5676
-1983
-17030
-16212
-5677
-2908
-5677
-5941
-5677
-7784
-5677
5477
17029
20384
17029
12137
5676
-2711
-5677
380
5676
4090
5676
14707
17029
3569
-5677
2429
5676
-8768
-17030
140
17029
6263
-17030
-24781
-17030
-13079
-17030
-20186
-17030
-7181
5676
14847
17029
14649
5676
-4736
-5677
3611
5676
-7065
-17030
-10155
5676
11659
5676
941
5676
14707
17029
7180
-5677
-10296
-5677
842
5676
11154
17029
19863
17029
8047
-5677
-16353
-17030
-9047
-5677
-12923
-17030
-11014
-5677
-11676
-17030
-7644
5676
8246
5676
7584
5676
-3753
-5677
7180
17029
9551
-5677
-8289
5676
18980
17029
520
-17030
-20105
-5677
11858
17029
8246
-5677
-12379
-5677
5660
5676
-7387
-17030
-12337
-5677
-7181
-5677
8849
17029
2710
-17030
-20443
-17030
-18336
-17030
-4214
5676
-1843
-17030
-22410
-17030
-9568
-5677
-4817
-5677
-5735
-5677
-3150
5676
17013
17029
983
-17030
-19584
-5677
11196
17029
12278
5676
4435
5676
1644
-5677
-10171
-17030
-24921
-17030
6784
17029
119
-17030
-9459
5676
2270
-17030
-26723
-17951
-4315
-1
-8082
-17951
-16187
0
16879
17950
5643
0
10215
17950
8753
0
8753
17950
8753
0
8753
17950
8753
-1
8753
17950
10215
0
5643
17950
16879
0
-16880
-17951
-7107
-1
-7107
-17951
-16880
0
16879
17950
7106
-1
7106
17950
16879
0
-16880
-17951
-5644
-1
-10216
-17951
-8754
0
-8754
-17951
-8754
-1
-8754
-17951
-8754
-1
-8754
-17951
-10216
-1
-5644
-17951
-16880
0
16879
17950
5643
0
10215
17950
8753
0
8753
17950
8753
0
8753
17950
8753
-1
8753
17950
8753
0
8753
17950
8753
0
8753
17950
10215
0
5643
17950
16879
-1
-16880
-17951
-7107
0
-7107
-17951
-16880
-1
16879
17950
5643
0
10215
17950
8753
-1
8753
17950
9484
0
7198
17950
12816
0
-4064
-1
1554
0
-732
-1
-1
-1
0
0
0
0
0
0
0
0
0
0
0
0
0
0
0
0
0
0
0
0
0
0
0
0
0
0
0
0
0
0
0
0
0
0
0
0
0
0
0
0
0
0
0
0
0
0
0
0
0
0
0
0
0
0
0
0
0
0
0
0
0
0
0
0
0
0
0
0
0
0
0
0
0
0
0
0
0
0
0
0
0
0
0
0
0
0
0
0
0
0
0
0
0
0
0
0
0
0
0
0
0
0
0
0
0
0
0
0
0
0
0
0
0
0
0
0
0
0
0
0
0
0
0
0
0
0
0
0
0
0
0
0
0
0
0
0
0
0
0
0
0
0
0
0
0
0
0
0
0
0
0
0
0
0
0
0
0
0
0
0
0
0
0
0
0
0
0
0
0
0
0
0
0
0
0
0
0
0
0
0
0
0
0
0
0
0
0
0
0
0
0
0
0
0
0
0
0
0
0
0
0
0
0
0
0
0
0
0
0
0
0
0
0
0
0
0
0
0
0
0
0
0
0
0
0
0
0
0
0
0
0
0
0
0
0
0
0
0
0
0
0
0
0
0
0
0
0
0
0
0
0
0
0
0
0
0
0
0
0
0
0
0
0
0
0
0
0
0
0
0
0
0
0
0
0
0
0
0
0
0
0
0
0
0
0
0
0
0
0
0
0
0
0
0
0
0
0
0
0
0
0
0
0
0
0
0
0
0
0
0
0
0
0
0
0
0
0
0
0
0
0
0
0
0
0
0
0
0
0
0
0
0
0
0
0
0
0
0
0
0
0
0
0
0
0
0
0
0
0
0
0
0
0
0
0
0
0
0
0
0
0
0
0
0
0
0
0
0
0
0
0
0
0
0
0
0
0
0
0
0
0
0
0
0
0
0
0
0
0
0
0
0
0
0
0
0
0
0
0
0
0
0
0
0
0
0
0
0
0
0
0
0
0
0
0
0
0
0
0
0
0
0
0
0
0
0
0
0
0
0
0
0
0
0
0
0
0
0
0
0
0
0
0
0
0
0
0
0
0
0
0
0
0
0
0
0
0
0
0
0
0
0
0
0
0
0
0
0
0
0
0
0
0
0
0
0
0
0
0
0
0
0
0
0
0
0
0
0
0
0
0
0
0
0
0
0
0
0
0
0
0
0
0
0
0
0
0
0
0
0
0
0
0
0
0
0
0
0
0
0
0
0
0
0
0
0
0
0
0
0
0
0
0
0
0
0
0
0
0
0
0
0
0
0
0
0
0
0
0
0
0
0
0
0
0
0
0
0
0
0
0
0
0
0
0
0
0
0
0
0
0
0
0
0
0
0
0
0
0
0
0
0
0
0
0
0
0
0
0
0
0
0
0
0
0
0
0
0
0
0
0
0
0
0
0
0
0
0
0
0
0
0
0
0
0
0
0
0
0
0
0
0
0
0
0
0
0
0
0
0
0
0
0
0
0
0
0
0
0
0
0
0
0
0
0
0
0
0
0
0
0
0
0
0
0
0
0
0
0
0
0
0
0
0
0
0
0
0
0
0
0
0
0
0
0
0
0
0
0
0
0
0
0
0
0
0
0
0
0
0
0
0
0
0
0
0
0
0
0
0
0
0
0
0
0
0
0
0
0
0
0
0
0
0
0
0
0
0
0
0
0
0
0
0
0
0
0
0
0
0
0
0
0
0
0
0
0
0
0
0
0
0
0
0
0
0
0
0
0
0
0
0
0
0
0
0
0
0
0
0
0
0
0
0
0
0
0
0
0
0
0
0
0
0
0
0
0
0
0
0
0
0
0
0
0
0
0
0
0
0
0
0
0
0
0
0
0
0
0
0
0
0
0
0
0
0
0
0
0
0
0
0
0
0
0
0
0
0
0
0
0
0
0
0
0
0
0
0
0
0
0
0
0
0
0
0
0
0
0
0
0
0
0
0
0
0
0
0
0
0
0
0
0
0
0
0
0
0
0
0
0
0
0
0
0
0
0
0
0
0
0
0
0
0
0
0
0
0
0
0
0
0
0
0
0
0
0
0
0
0
0
0
0
0
0
0
0
0
0
0
0
0
0
0
0
0
0
0
0
0
0
0
0
0
0
0
0
0
0
0
0
0
0
0
0
0
0
0
0
0
0
0
0
0
0
0
0
0
0
0
0
0
0
0
0
0
0
0
0
0
0
0
0
0
0
0
0
0
0
0
0
0
0
0
0
0
0
0
0
0
0
0
0
0
0
0
0
0
0
0
0
0
0
0
0
0
0
0
0
0
0
0
0
0
0
0
0
0
0
0
0
0
0
0
0
0
0
0
0
0
0
0
0
0
0
0
0
0
0
0
0
0
0
0
0
0
0
0
0
0
0
0
0
0
0
0
0
0
0
0
0
0
0
0
0
0
0
0
0
0
0
0
0
0
0
0
0
0
0
0
0
0
0
0
0
0
0
0
0
0
0
0
0
0
0
0
0
0
0
0
0
0
0
0
0
0
0
0
0
0
0
0
0
0
0
0
0
0
0
0
0
0
0
0
0
0
0
0
0
0
0
0
0
0
0
0
0
0
0
0
0
0
0
0
0
0
0
0
0
0
0
0
0
0
0
0
0
0
0
0
0
0
0
0
0
0
0
0
0
0
0
0
0
0
0
0
0
0
0
0
0
0
0
0
0
0
0
0
0
0
0
0
0
0
0
0
0
0
0
0
0
0
0
0
0
0
0
0
0
0
0
0
0
0
0
0
0
0
0
0
0
0
0
0
0
0
0
0
0
0
0
0
0
0
0
0
0
0
0
0
0
0
0
0
0
0
0
0
0
0
0
0
0
0
0
0
0
0
0
0
0
0
0
0
0
0
0
0
0
0
0
0
0
0
0
0
0
0
0
0
0
0
0
0
0
0
0
0
0
0
0
0
0
0
0
0
0
0
0
0
0
0
0
0
0
0
0
0
0
0
0
0
0
0
0
0
0
0
0
0
0
0
0
0
0
0
0
0
0
0
0
0
0
0
0
0
0
0
0
0
0
0
0
0
0
0
0
0
0
0
0
0
0
0
0
0
0
0
0
0
0
0
0
0
0
0
0
0
0
0
0
0
0
0
0
0
0
0
0
0
0
0
0
0
0
0
0
0
0
0
0
0
0
0
0
0
0
0
0
0
0
0
0
0
0
0
0
0
0
0
0
0
0
0
0
0
0
0
0
0
0
0
0
0
0
0
0
0
0
0
0
0
0
0
0
0
0
0
0
0
0
0
0
0
0
0
0
0
0
0
0
0
0
0
0
0
0
0
0
0
0
0
0
0
0
0
0
0
0
0
0
0
0
0
0
0
0
0
0
0
0
0
0
0
0
0
0
0
0
0
0
0
0
0
0
0
0
0
0
0
0
0
0
0
0
0
0
0
0
0
0
0
0
0
0
0
0
0
0
0
0
0
0
0
0
0
0
0
0
0
0
0
0
0
0
0
0
0
0
0
0
0
0
0
0
0
0
0
0
0
0
0
0
0
0
0
0
0
0
0
0
0
0
0
0
0
0
0
0
0
0
0
0
0
0
0
0
0
0
0
0
0
0
0
0
0
0
0
0
0
0
0
0
0
0
0
0
0
0
0
0
0
0
0
0
0
0
0
0
0
0
0
0
0
0
0
0
0
0
0
0
0
0
0
0
0
0
0
0
0
0
0
0
0
0
0
0
0
0
0
0
0
0
0
0
0
0
0
0
0
0
0
0
0
0
0
0
0
0
0
0
0
0
0
0
0
0
0
0
0
0
0
0
0
0
0
0
0
0
0
0
0
0
0
0
0
0
0
0
0
0
0
0
0
0
0
0
0
0
0
0
0
0
0
0
0
0
0
0
0
0
0
0
0
0
0
0
0
0
0
0
0
0
0
0
0
0
0
0
0
0
0
0
0
0
0
0
0
0
0
0
0
0
0
0
0
0
0
0
0
0
0
0
0
0
0
0
0
0
0
0
0
0
0
0
0
0
0
0
0
0
0
0
0
0
0
0
0
0
0
0
0
0
0
0
0
0
0
0
0
0
0
0
0
0
0
0
0
0
0
0
0
0
0
0
0
0
0
0
0
0
0
0
0
0
0
0
0
0
0
0
0
0
0
0
0
0
0
0
0
0
0
0
0
0
0
0
0
0
0
0
0
0
0
0
0
0
0
0
0
0
0
0
0
0
0
0
0
0
0
0
0
0
0
0
0
0
0
0
0
0
0
0
0
0
0
0
0
0
0
0
0
0
0
0
0
0
0
0
0
0
0
0
0
0
0
0
0
0
0
0
0
0
0
0
0
0
0
0
0
0
0
0
0
0
0
0
0
0
0
0
0
0
0
0
0
0
0
0
0
0
0
0
0
0
0
0
0
0
0
0
0
0
0
0
0
0
0
0
0
0
0
0
0
0
0
0
0
0
0
0
0
0
0
0
0
0
0
0
0
0
0
0
0
0
0
0
0
0
0
0
0
0
0
0
0
0
0
0
0
0
0
0
0
0
0
0
0
0
0
0
0
0
0
0
0
0
0
0
0
0
0
0
0
0
0
0
0
0
0
0
0
0
0
0
0
0
0
0
0
0
0
0
0
0
0
0
0
0
0
0
0
0
0
0
0
0
0
0
0
0
0
0
0
0
0
0
0
0
0
0
0
0
0
0
0
0
0
0
0
0
0
0
0
0
0
0
0
0
0
0
0
0
0
0
0
0
0
0
0
0
0
0
0
0
0
0
0
0
0
0
0
0
0
0
0
0
0
0
0
0
0
0
0
0
0
0
0
0
0
0
0
0
0
0
0
0
0
0
0
0
0
0
0
0
0
0
0
0
0
0
0
0
0
0
0
0
0
0
0
0
0
0
0
0
0
0
0
0
0
0
0
0
0
0
0
0
0
0
0
0
0
0
0
0
0
0
0
0
0
0
0
0
0
0
0
0
0
0
0
0
0
0
0
0
0
0
0
0
0
0
0
0
0
0
0
0
0
0
0
0
0
0
0
0
0
0
0
0
0
0
0
0
0
0
0
0
0
0
0
0
0
0
0
0
0
0
0
0
0
0
0
0
0
0
0
0
0
0
0
0
0
0
0
0
0
0
0
0
0
0
0
0
0
0
0
0
0
0
0
0
0
0
0
0
0
0
0
0
0
0
0
0
0
0
0
0
0
0
0
0
0
0
0
0
0
0
0
0
0
0
0
0
0
0
0
0
0
0
0
0
0
0
0
0
0
0
0
0
0
0
0
0
0
0
0
0
0
0
0
0
0
0
0
0
0
0
0
0
0
0
0
0
0
0
0
0
0
0
0
0
0
0
0
0
0
0
0
0
0
0
0
0
0
0
0
0
0
0
0
0
0
0
0
0
0
0
0
0
0
0
0
0
0
0
0
0
0
0
0
0
0
0
0
0
0
0
0
0
0
0
0
0
0
0
0
0
0
0
0
0
0
0
0
0
0
0
0
0
0
0
0
0
0
0
0
0
0
0
0
0
0
0
0
0
0
0
0
0
0
0
0
0
0
0
0
0
0
0
0
0
0
0
0
0
0
0
0
0
0
0
0
0
0
0
0
0
0
0
0
0
0
0
0
0
0
0
0
0
0
0
0
0
0
0
0
0
0
0
0
0
0
0
0
0
0
0
0
0
0
0
0
0
0
0
0
0
0
0
0
0
0
0
0
0
0
0
0
0
0
0
0
0
0
0
0
0
0
0
0
0
0
0
0
0
0
0
0
0
0
0
0
0
0
0
0
0
0
0
0
0
0
0
0
0
0
0
0
0
0
0
0
0
0
0
0
0
0
0
0
0
0
0
0
0
0
0
0
0
0
0
0
0
0
0
0
0
0
0
0
0
0
0
0
0
0
0
0
0
0
0
0
0
0
0
0
0
0
0
0
0
0
0
0
0
0
0
0
0
0
0
0
0
0
0
0
0
0
0
0
0
0
0
0
0
0
0
0
0
0
0
0
0
0
0
0
0
0
0
0
0
0
0
0
0
0
0
0
0
0
0
0
0
0
0
0
0
0
0
0
0
0
0
0
0
0
0
0
0
0
0
0
0
0
0
0
0
0
0
0
0
0
0
0
0
0
0
0
0
0
0
0
0
0
0
0
0
0
0
0
0
0
0
0
0
0
0
0
0
0
0
0
0
0
0
0
0
0
0
0
0
0
0
0
0
0
0
0
0
0
0
0
0
0
0
0
0
0
0
0
0
0
0
0
0
0
0
0
0
0
0
0
0
0
0
0
0
0
0
0
0
0
0
0
0
0
0
0
0
0
0
0
0
0
0
0
0
0
0
0
0
0
0
0
0
0
0
0
0
0
0
0
0
0
0
0
0
0
0
0
0
0
0
0
0
0
0
0
0
0
0
0
0
0
0
0
0
0
0
0
0
0
0
0
0
0
0
0
0
0
0
0
0
0
0
0
0
0
0
0
0
0
0
0
0
0
0
0
0
0
0
0
0
0
0
0
0
0
0
0
0
0
0
0
0
0
0
0
0
0
0
0
0
0
0
0
0
0
0
0
0
0
0
0
0
0
0
0
0
0
0
0
0
0
0
0
0
0
0
0
0
0
0
0
0
0
0
0
0
0
0
0
0
0
0
0
0
0
0
0
0
0
0
0
0
0
0
0
0
0
0
0
0
0
0
0
0
0
0
0
0
0
0
0
0
0
0
0
0
0
0
0
0
0
0
0
0
0
0
0
0
0
0
0
0
0
0
0
0
0
0
0
0
0
0
0
0
0
0
0
0
0
0
0
0
0
0
0
0
0
0
0
0
0
0
0
0
0
0
0
0
0
0
0
0
0
0
0
0
0
0
0
0
0
0
0
0
0
0
0
0
0
0
0
0
0
0
0
0
0
0
0
0
0
0
0
0
0
0
0
0
0
0
0
0
0
0
0
0
0
0
0
0
0
0
0
0
0
0
0
0
0
0
0
0
0
0
0
0
0
0
0
0
0
0
0
0
0
0
0
0
0
0
0
0
0
0
0
0
0
0
0
0
0
0
0
0
0
0
0
0
0
0
0
0
0
0
0
0
0
0
0
0
0
0
0
0
0
0
0
0
0
0
0
0
0
0
0
0
0
0
0
0
0
0
0
0
0
0
0
0
0
0
0
0
0
0
0
0
0
0
0
0
0
0
0
0
0
0
0
0
0
0
0
0
0
0
0
0
0
0
0
0
0
0
0
0
0
0
0
0
0
0
0
0
0
0
0
0
0
0
0
0
0
0
0
0
0
0
0
0
0
0
0
0
0
0
0
0
0
0
0
0
0
0
0
0
0
0
0
0
0
0
0
0
0
0
0
0
0
0
0
0
0
0
0
0
0
0
0
0
0
0
0
0
0
0
0
0
0
0
0
0
0
0
0
0
0
0
0
0
0
0
0
0
0
0
0
0
0
0
0
0
0
0
0
0
0
0
0
0
0
0
0
0
0
0
0
0
0
0
0
0
0
0
0
0
0
0
0
0
0
0
0
0
0
0
0
0
0
0
0
0
0
0
0
0
0
0
0
0
0
0
0
0
0
0
0
0
0
0
0
0
0
0
0
0
0
0
0
0
0
0
0
0
0
0
0
0
0
0
0
0
0
0
0
0
0
0
0
0
0
0
0
0
0
0
0
0
0
0
0
0
0
0
0
0
0
0
0
0
0
0
0
0
0
0
0
0
0
0
0
0
0
0
0
0
0
0
0
0
0
0
0
0
0
0
0
0
0
0
0
0
0
0
0
0
0
0
0
0
0
0
0
0
0
0
0
0
0
0
0
0
0
0
0
0
0
0
0
0
0
0
0
0
0
0
0
0
0
0
0
0
0
0
0
0
0
0
0
0
0
0
0
0
0
0
0
0
0
0
0
0
0
0
0
0
0
0
0
0
0
0
0
0
0
0
0
0
0
0
0
0
0
0
0
0
0
0
0
0
0
0
0
0
0
0
0
0
0
0
0
0
0
0
0
0
0
0
